,Metal_Dopant_1 Relative Atomic Mass,Metal_Dopant_1 Atomic Number,Metal_Dopant_1 Period,Metal_Dopant_1 Group,Metal_Dopant_1 Ionization Potential,Metal_Dopant_1 Electronegativity,Metal_Dopant_1 Number of d electrons,Metal_Dopant_1 Atomic Radius,Metal_Dopant_2 Relative Atomic Mass,Metal_Dopant_2 Atomic Number,Metal_Dopant_2 Period,Metal_Dopant_2 Group,Metal_Dopant_2 Ionization Potential,Metal_Dopant_2 Electronegativity,Metal_Dopant_2 Number of d electrons,Metal_Dopant_2 Atomic Radius,Metal_Dopant_3 Relative Atomic Mass,Metal_Dopant_3 Atomic Number,Metal_Dopant_3 Period,Metal_Dopant_3 Group,Metal_Dopant_3 Ionization Potential,Metal_Dopant_3 Electronegativity,Metal_Dopant_3 Number of d electrons,Metal_Dopant_3 Atomic Radius,Metal_Dopant_4 Relative Atomic Mass,Metal_Dopant_4 Atomic Number,Metal_Dopant_4 Period,Metal_Dopant_4 Group,Metal_Dopant_4 Ionization Potential,Metal_Dopant_4 Electronegativity,Metal_Dopant_4 Number of d electrons,Metal_Dopant_4 Atomic Radius,Metal_Dopant_1_Proportion_Precursor,Metal_Dopant_2_Proportion_Precursor,Metal_Dopant_3_Proportion_Precursor,Metal_Dopant_4_Proportion_Precursor,Hydrothermal/Mixing Temperature (degree),Hydrothermal/Mixing Time (min),Hydrothermal/Mixing Strring/Ultrasonication,Hydrothermal/Mixing Strong Reductant in Liquid,Hydrothermal/Mixing Weak Reductant in Liquid,Hydrothermal/Mixing Mixed in Solid or Liquired,Annealing Temperature (degree),Annealing Time (min),Annealing Stirring,Annealing Inert Atmosphere,Annealing Reductive Atmosphere,Post ProcessingAcid Wash/Leaching/Quenching/Ultrasonication,Catalyst Loading (mg cm -2),Support Material Loading (mg cm -2),Support not Carbon,Electrode type Glassy Carbon/Carbon Paper (Ti Mesh),LSV Scanning Speed mV s-1,Electrolyte Proton Concentration (M)
Metal_Dopant_1 Relative Atomic Mass,0.0,0.04165251978363758,0.005892663187928618,0.27991789856502525,0.20038983395295507,0.12553842774814425,0.17535762204365826,0.24085321186958278,0.1697474107065516,0.09152135571907505,0.05829528601827956,0.11635466927577823,0.19402894148449437,0.1159521053403265,0.17259706785474288,0.31757590666551694,0.0746860743028175,0.10147875597202483,0.020472939592688078,0.21752668006949497,0.13138315504850398,0.07773467930359862,0.06241274439119012,0.14889667023928968,0.0375771379162907,0.0031616799124518946,7.865398331496333e-16,0.07587082828162799,0.0009578542628518542,5.583564509651137e-16,0.0009521977291136951,0.0,0.2392880684629642,0.27908284970212116,0.3422240129747839,0.25765369814727795,0.2280357123286589,0.27195164606205474,0.13521473041211474,0.12004335362988078,0.08641706759930823,0.04137444458169527,0.48014253508461285,0.25190168477345953,0.027792905438291545,0.22979377981204777,0.04062464378912756,0.15520681890245727,0.29409953961010576,0.30294292655187344,0.026092041121473755,0.15413316121019371,0.14015216655707807,0.28501339950523324
Metal_Dopant_1 Atomic Number,0.04165251978363758,0.0,0.051497425507483846,0.04336515476200259,0.10505293840087086,0.06928644696870138,0.03421082375485376,0.054887867621845006,0.10834163474131477,0.10880720071604887,0.07686807039546288,0.13656329077803228,0.07909981246675193,0.031867712435210874,0.13972493778292877,0.10008101627083582,0.06518185443529663,0.04947005329527223,0.0044513856705095155,0.05456167269672516,0.039062498965429786,0.03385419863142311,0.036492063002448075,0.028573779737329153,0.0037187991284249977,0.001213236032166899,8.275082374762328e-16,0.0014777704483234875,0.004975694731446976,4.685689033590485e-16,8.472402297670816e-16,0.0,0.08064803521997782,0.051997914096343995,0.07567718545612957,0.09977537231433832,0.12263276989546315,0.1836933041367207,0.06785872137977045,0.08892566066541133,0.04591928483388184,0.04014410478695105,0.1320242092159625,0.07214645533357411,0.0908269256792351,0.11573646600461694,0.04088603729882671,0.12306613365388175,0.05674046437760708,0.1305245874380976,0.01136535403238998,0.06450924026959186,0.14509358659186647,0.025393643766134174
Metal_Dopant_1 Period,0.005892663187928618,0.051497425507483846,0.0,0.05824138765029061,0.035497739376810604,0.01823470458328352,0.02906011373769965,0.04202625454559239,0.24018153073866794,0.042488384541317696,0.0,0.04677945535412007,0.15205961706616,0.11207407317861236,0.09592834250159427,0.031106168681177594,0.4055412695837185,0.018484660847321532,0.0,0.08059408454297014,0.04035238861939676,0.0,0.21777188474658307,0.007545333223041315,0.0003346916495377689,0.0,0.0,0.0,0.0,0.0,0.0,0.0,0.14665205538471815,0.14514636184727364,0.006313661859090823,0.0028085574940509357,0.012653889285686398,0.02602079737782719,0.2242700966047159,0.045609087204289064,0.09377085598145822,0.2187885363059307,0.06769488278850122,0.09810981245428933,0.0,0.13862180937265803,0.053670419160728886,0.011719177978077904,0.02461944048502172,0.10164088949526305,3.9426119089668593e-13,0.27056599659303027,0.10885826830595241,0.0071339547220788165
Metal_Dopant_1 Group,0.27991789856502525,0.04336515476200259,0.05824138765029061,0.0,0.26965667929078135,0.3283562917882835,0.24962027854603247,0.20711121408605013,0.2906640965465893,0.134446836607711,0.13214246552616357,0.21758625468854836,0.3166952429561104,0.23038621900523581,0.26527109930902776,0.42405231026900364,0.16553234147832624,0.11609498923711499,0.13636001944047849,0.5452448155130528,0.23341306349384303,0.04471263212804674,0.054330850006837794,0.18721685973936875,0.007675330184841401,0.0033792535486234444,0.051365794201857884,0.09346073166299736,0.034909905668871075,0.009601276991277207,0.006363779944355363,1.4124733866023777e-15,0.5003443969021728,0.36472869276908465,0.29626467627077696,0.04505737861496504,0.20417946829054634,0.32221763316288093,0.12218453280362995,0.16612018032920575,0.08400422134044273,0.0630054383609298,0.24591134096141865,0.46040410529038933,0.021118508610766338,0.24733761202671892,0.14642800240050952,0.2788311929216931,0.35373015029907234,0.639285728854793,0.02773771721256516,0.27602643350728556,0.2520377530157463,0.3262637313422123
Metal_Dopant_1 Ionization Potential,0.20038983395295507,0.10505293840087086,0.035497739376810604,0.26965667929078135,0.0,0.449605232552173,0.16776214074718016,0.4238847001479055,0.34989465687360527,0.11488052435931873,0.12948571189817537,0.16866665118269358,0.47495121518541766,0.2403608131042739,0.1332560629129134,0.15761676508199168,0.07092941164745267,0.04906307647344219,0.12366450523754285,0.27374762007887116,0.19036847398204157,0.04013026815548189,0.09345894888266087,0.37239553226154265,0.22552460135544972,0.0036519855083398263,0.0037949573029996994,0.2150195023401991,0.24378815953101296,0.0005488256727756342,0.0032063348500209134,0.0,0.302138163013653,0.35104659265756033,0.21626771882389212,0.04031273161337521,0.29821860682997436,0.41242379982722677,0.08932315477579605,0.06693527735849533,0.07037444856421045,0.06238904417019181,0.48264685289598325,0.4118314317967953,0.14057109352307517,0.09517599501124403,0.0801863909662396,0.2881987020077622,0.8531749478703684,0.2502756772444822,0.02146101555589048,0.26905144879735554,0.17291208478222306,0.3504072267358632
Metal_Dopant_1 Electronegativity,0.12553842774814425,0.06928644696870138,0.01823470458328352,0.3283562917882835,0.449605232552173,0.0,0.15148495777643325,0.23335585810945508,0.49527915804779654,0.12068644879143128,0.17246062308513854,0.3281614359706209,0.2746724487123448,0.17586636955352142,0.26321519501849117,0.1405501034574226,0.30115519782832284,0.14400633075830416,0.20008703309191425,0.08673718280503159,0.2286180087682294,0.008185071686057454,0.06201705572978573,0.18202113682713542,0.008182365829363127,0.0010400426016290137,0.0359732313339919,0.03214368015961111,0.013167896439822815,1.8684268224231287e-15,0.0009064238545566342,1.2468205596238377e-15,0.385026780005536,0.20400809888174076,0.22748676984952987,0.047060988463358426,0.2378824690685399,0.3560014613889569,0.13360873948210988,0.036702219882582536,0.08299480431291567,0.1473746701218589,0.228922951532872,0.32507075827190884,0.05585268334001681,0.47181681503010786,0.02645153049512106,0.5004680439598501,0.3048257416109048,0.3446449170618538,0.034231216178029086,0.1719680265861319,0.1914650695701636,0.2832396618772028
Metal_Dopant_1 Number of d electrons,0.17535762204365826,0.03421082375485376,0.02906011373769965,0.24962027854603247,0.16776214074718016,0.15148495777643325,0.0,0.09884401175445277,0.17009513972734513,0.07101485537371191,0.0663075087812435,0.19649119335361256,0.14487261375926686,0.10526983519961304,0.17406732322153756,0.12005126864963891,0.3783784468695906,0.043972538304154866,0.07222787001888425,0.12467485353950619,0.1792541367766163,0.1935394137854073,0.1512596250046524,0.054921761937031445,0.0142357822858558,0.0052577966833495665,9.137679572980909e-15,0.0028508298343740282,4.77782651407493e-15,0.022975723928118343,0.007499756036610705,6.997088803258328e-15,0.2659071831151626,0.20819517411545047,0.10173668560312665,0.008767340770790093,0.17794014598271932,0.17058278628917528,0.1356188467008261,0.07225753072337443,0.10379934632825207,0.08345979563682,0.20813283523593196,0.23412547285201601,0.001316194907449953,0.2797636792798941,0.024542652439496132,0.297111355978046,0.23952012302736084,0.3246317099604996,0.022653384913831714,0.17792326450496823,0.10064456613386225,0.12661185780422335
Metal_Dopant_1 Atomic Radius,0.24085321186958278,0.054887867621845006,0.04202625454559239,0.20711121408605013,0.4238847001479055,0.23335585810945508,0.09884401175445277,0.0,0.36910631700172186,0.14213597846995063,0.18872717030819977,0.1674294567805197,0.31850998201297087,0.19814823286075514,0.14920767845409444,0.20134635096193684,0.06352192069387656,0.11286782586262896,0.1040051067052698,0.1484905845581181,0.1313250098244836,0.034563028485926954,0.044613749829655484,0.2864684979652151,0.0144985873197749,0.01571495050718317,2.739856423610501e-16,0.0005277400310417019,0.001360441735200026,0.09998136787516024,0.0011426135923545018,0.0,0.2627691598985306,0.2158790649672045,0.2645179139596755,0.1748713452232652,0.2871441788959812,0.36626346353722716,0.11424165464634572,0.06256887963767561,0.13937806470346542,0.10307402007572744,0.27340087198785734,0.21889675234652348,0.07336840099200753,0.15238603942051981,0.016898650212104058,0.2644957976591319,0.4943574759752321,0.25426694400543887,0.020210182465634115,0.12911991718319193,0.22888867650546238,0.4287682590371136
Metal_Dopant_2 Relative Atomic Mass,0.1697474107065516,0.10834163474131477,0.24018153073866794,0.2906640965465893,0.34989465687360527,0.49527915804779654,0.17009513972734513,0.36910631700172186,0.0,0.2920316406939359,0.316655319795898,0.21794153988113338,0.5887205695289104,0.20912030491103845,0.25137711466658713,0.22242637577986776,0.31133965497819366,0.12346073545065149,0.10898012804817811,0.3101449638624547,0.22887821666396502,0.11363775400607691,0.3238832609470833,0.24385711535669458,0.008205067269523029,0.009038670072683141,2.9035417547439964e-15,0.00983826248782562,0.004655103668356652,0.01188782009059017,5.830924080530738e-15,0.0,0.3936247940318665,0.4305328632172265,0.4295254372789196,0.13837105213348852,0.37075958362511235,0.31523898767631736,0.2575373473949374,0.06526210619680956,0.08466698897690218,0.21097363081886047,0.2979288267482873,0.4672300971057471,0.02551570291156733,0.26808102106447335,0.17773157667411435,0.1289590346428168,0.45215135011817503,0.4512985329077112,0.032008138963476866,0.43216751754430227,0.21528096216002413,0.2953261327250813
Metal_Dopant_2 Atomic Number,0.09152135571907505,0.10880720071604887,0.042488384541317696,0.134446836607711,0.11488052435931873,0.12068644879143128,0.07101485537371191,0.14213597846995063,0.2920316406939359,0.0,0.1328628549194849,0.0834647601729304,0.12512500819463582,0.06158103495279361,0.12246427693799641,0.12591853687474194,0.04405500372529889,0.12693004853795187,0.06390189375380945,0.04629349098710107,0.3270826506731067,0.05232792246270853,0.07314970865145665,0.03769461447145832,0.010120023016622544,0.00531416680903991,0.02792286999198224,0.07963659383185179,0.0009951571668516531,0.006460084927473927,6.395681459955947e-16,0.0,0.11524695253469157,0.11414220205147346,0.14122710480062242,0.07717786783277475,0.08318053626735346,0.17170456746988969,0.2491411614591691,0.10686370025253554,0.3704067527313879,0.034429972279346126,0.15728315463198858,0.11933096971791675,0.0173609664291759,0.17154264695188504,0.08688400142575677,0.10140957337794108,0.11824142537918805,0.2675414820019208,0.020564662204236212,0.15816905832451128,0.17467189724530147,0.09260794787115788
Metal_Dopant_2 Period,0.05829528601827956,0.07686807039546288,0.0,0.13214246552616357,0.12948571189817537,0.17246062308513854,0.0663075087812435,0.18872717030819977,0.316655319795898,0.1328628549194849,0.0,0.056099336807062625,0.26133535023614274,0.07592238710833729,0.25406221897294956,0.09259430177603775,0.2717978654533431,0.10266753904774335,0.0,0.0550624483697542,0.11477269670835659,0.0,0.38919870409683055,0.009562488744491707,0.09819441223524239,0.0,0.0,0.0,0.0,0.0,0.0,0.0,0.3612537921743213,0.14542323247838482,0.019541363344200157,0.09186133712375907,0.03379337299798603,0.04771035629126819,0.4752000702109452,0.3478000059567269,0.0954033732401304,0.13199468832536485,0.1816165253837399,0.20311876240355167,0.0,0.0,0.11149317128344388,0.09464310669744473,0.08629350411719337,0.1263631668421125,1.0836975151381907e-13,0.5481093096218027,0.15269994882129587,0.01550889271451451
Metal_Dopant_2 Group,0.11635466927577823,0.13656329077803228,0.04677945535412007,0.21758625468854836,0.16866665118269358,0.3281614359706209,0.19649119335361256,0.1674294567805197,0.21794153988113338,0.0834647601729304,0.056099336807062625,0.0,0.22309723136853965,0.34976284836655025,0.2198320063528113,0.16732096671928073,0.20228019215817966,0.043451489652023896,0.04186973690669192,0.12186289647491316,0.16821492345254516,0.012616723116828753,0.11535335575467552,0.16964604929321778,0.012260574196934791,0.13666576019440954,4.947368725342389e-15,0.1849690209339454,0.022649896878976023,0.008509479572172992,4.6122016586826204e-15,2.59706039240405e-15,0.39929584391773476,0.1828675697490728,0.33996281496788966,0.018922286790738718,0.23547858969280655,0.2616244880274398,0.181556868526857,0.1956443209470562,0.05494771003060398,0.2536927779850138,0.2838724522831106,0.3121174049522737,0.030619767812220703,0.1342077316968421,0.06186306787808646,0.4296411368913154,0.22244924811640787,0.4912541220010921,0.0320029197106291,0.113755981738386,0.23132488743085824,0.17651592270306699
Metal_Dopant_2 Ionization Potential,0.19402894148449437,0.07909981246675193,0.15205961706616,0.3166952429561104,0.47495121518541766,0.2746724487123448,0.14487261375926686,0.31850998201297087,0.5887205695289104,0.12512500819463582,0.26133535023614274,0.22309723136853965,0.0,0.32226281569751536,0.22667864798096493,0.3030779792220053,0.14013634438475314,0.04684713087165957,0.05493584345087141,0.32732938571548004,0.18525440549271902,0.16103113093933977,0.11887612886502337,0.19968202241097646,0.01865444061616912,3.4092991813951275e-15,0.20719487398511294,1.222946675889439e-15,0.0004916815274042423,2.4086777401825427e-15,0.006350649801111031,0.0,0.5779622086672896,0.46575005160168836,0.1943297110779122,0.012001633785629994,0.3717770952474779,0.3420825312309119,0.1327126180170877,0.12010160994405793,0.20358490380787977,0.24878576279879822,0.45724411912439533,0.35162227884371045,0.031901992009465495,0.2058338490823532,0.10141639213397487,0.2166880688595697,0.6018572523650586,0.25631572718187556,0.02147176653239272,0.24748657088840312,0.38049775453879814,0.322301979984798
Metal_Dopant_2 Electronegativity,0.1159521053403265,0.031867712435210874,0.11207407317861236,0.23038621900523581,0.2403608131042739,0.17586636955352142,0.10526983519961304,0.19814823286075514,0.20912030491103845,0.06158103495279361,0.07592238710833729,0.34976284836655025,0.32226281569751536,0.0,0.12182096899119177,0.13457661380879404,0.06721512233558379,0.09246139925940802,0.04292004248189683,0.17061221748775143,0.2342282635368149,0.10931220234035433,0.04452441518652814,0.14244971294012332,0.0039790410182096005,0.008395121152697875,0.00922180027645247,0.20640701984220666,2.5374209252920954e-15,0.005018335397160423,0.02101537305751203,1.7856092428122497e-15,0.451860727719197,0.2927042822697705,0.18081346929204958,0.015448149333976664,0.2579370224457767,0.2531766287541973,0.17728437041679343,0.09222327647606275,0.025860926752908887,0.05585374324694259,0.23754998938645003,0.48401423318779313,0.0026441050644860336,0.08821712452557265,0.015450483587405042,0.21788798797824988,0.261782639582598,0.2641174392510874,0.014804494952251564,0.14505404381879033,0.17198838961252438,0.3246420073486006
Metal_Dopant_2 Number of d electrons,0.17259706785474288,0.13972493778292877,0.09592834250159427,0.26527109930902776,0.1332560629129134,0.26321519501849117,0.17406732322153756,0.14920767845409444,0.25137711466658713,0.12246427693799641,0.25406221897294956,0.2198320063528113,0.22667864798096493,0.12182096899119177,0.0,0.15896651212469273,0.296700718045019,0.47215967056118335,0.04161642585114779,0.14014918291789083,0.21491708402809692,0.13289218663438218,0.08681481496154632,0.16861594819517411,0.014079756524491532,0.00789918347801248,0.0038304353800653564,0.016300003357591263,0.0027582617643007582,4.26565950401526e-15,0.002421356691265568,4.463217366920429e-15,0.31483929205887945,0.31189616340374615,0.21406851629060777,0.013932974153590884,0.20364262158390864,0.18616020636175332,0.1578287467227827,0.18683980416003218,0.12652498701047832,0.10346897983589788,0.2012834083176148,0.25822732352862443,0.0074087597383188505,0.285404813519971,0.011912774625663711,0.26678154652059133,0.17394476781345364,0.368381829561437,0.03394336652283439,0.24097968333130818,0.2022808060251086,0.1915996659881323
Metal_Dopant_2 Atomic Radius,0.31757590666551694,0.10008101627083582,0.031106168681177594,0.42405231026900364,0.15761676508199168,0.1405501034574226,0.12005126864963891,0.20134635096193684,0.22242637577986776,0.12591853687474194,0.09259430177603775,0.16732096671928073,0.3030779792220053,0.13457661380879404,0.15896651212469273,0.0,0.3101423032094011,0.06261809757391547,0.027392335647757875,0.08875331232916749,0.13108276314750616,0.25243700702508065,0.09212558215879986,0.09384131442215268,0.2523609913596202,0.15774839039653324,4.4512058839104955e-15,0.00885728331117279,0.00821274705417724,0.17291899146711842,4.07937028778471e-15,3.2648569340037883e-15,0.32509248173331523,0.26099634955790096,0.25247972803200436,0.014920532461072993,0.23314252992325954,0.2675648337854029,0.22502752179573876,0.09059045641729858,0.08986699091469784,0.0735665063988921,0.27111606766401203,0.24497742239470874,0.008530415267640042,0.14720382653740488,0.07070416093318169,0.3384826004271242,0.18065333479230705,0.5805012837682976,0.05117584719433931,0.1556898832696496,0.2777283688061941,0.13182305564007119
Metal_Dopant_3 Relative Atomic Mass,0.0746860743028175,0.06518185443529663,0.4055412695837185,0.16553234147832624,0.07092941164745267,0.30115519782832284,0.3783784468695906,0.06352192069387656,0.31133965497819366,0.04405500372529889,0.2717978654533431,0.20228019215817966,0.14013634438475314,0.06721512233558379,0.296700718045019,0.3101423032094011,0.0,0.0158377791523662,0.37276377823689855,0.24826241153618095,0.09913266756678335,0.022670239980147236,0.042384460707680004,0.08064071883786388,0.2634487819804604,0.6470828679523075,8.318091479007738e-15,0.0036845069785933107,1.3051207809886698e-15,1.5181014895196477e-15,6.887991481052749e-15,0.0,0.4854997148041009,0.22614080702722048,0.429089757831274,0.013952911082340992,0.09789762973333206,0.17399601762230124,0.6958550906792769,0.08032579653100526,0.07014621057698774,0.06995706040631312,0.2259375899822085,0.3991435359352431,0.0013562277954568807,0.39274252230683615,0.00879116339421344,0.16640619396851236,0.13456874730048862,0.30418995300330687,0.016755924452023886,0.44181770931989417,0.09276035670220477,0.0780837187530956
Metal_Dopant_3 Atomic Number,0.10147875597202483,0.04947005329527223,0.018484660847321532,0.11609498923711499,0.04906307647344219,0.14400633075830416,0.043972538304154866,0.11286782586262896,0.12346073545065149,0.12693004853795187,0.10266753904774335,0.043451489652023896,0.04684713087165957,0.09246139925940802,0.47215967056118335,0.06261809757391547,0.0158377791523662,0.0,0.0028139773674583555,0.10221413808484932,0.007611447842641435,0.011515223806280006,0.1338884362016371,0.02586314119922853,0.0024611115874413124,1.6446451930462983e-15,9.489907453396162e-16,1.1761198269389573e-15,6.327776726634924e-16,0.06750169444826906,0.0012497599890245255,0.0,0.06019549494252105,0.2153110285179615,0.07961728371493206,0.020385454652397578,0.07563334775696358,0.05216078649845326,0.024203171850298022,0.03874331829496987,0.03630932017451398,0.029429400072723516,0.11757811339581382,0.09199497576777987,0.0005938898030084323,0.06865763723983483,0.03848544315079288,0.07380764633821028,0.031117726659768655,0.24164982341130004,0.011660823030614529,0.03571081502009723,0.051274859780957,0.033121326676458424
Metal_Dopant_3 Period,0.020472939592688078,0.0044513856705095155,0.0,0.13636001944047849,0.12366450523754285,0.20008703309191425,0.07222787001888425,0.1040051067052698,0.10898012804817811,0.06390189375380945,0.0,0.04186973690669192,0.05493584345087141,0.04292004248189683,0.04161642585114779,0.027392335647757875,0.37276377823689855,0.0028139773674583555,0.0,0.15208679654313836,0.018717728690549478,0.0,0.0006945396392243911,0.006146053922009146,0.00010889599128289295,0.0,0.0,0.0,0.0,0.0,0.0,0.0,0.09105270970082771,0.15627188455017363,0.09691499552748489,0.37968947768748296,0.02391187503318847,0.05198800146601442,0.04227731272468886,0.016667936786033122,0.29645259052810385,0.008833673801725811,0.1998708873206249,0.10822761180592805,0.0,0.013475968683203792,0.043179861119631444,0.028244090589716556,0.03333846775852229,0.06855705180723012,2.4777187781647752e-15,0.11489538552287473,0.0266444496971661,0.016397871100735015
Metal_Dopant_3 Group,0.21752668006949497,0.05456167269672516,0.08059408454297014,0.5452448155130528,0.27374762007887116,0.08673718280503159,0.12467485353950619,0.1484905845581181,0.3101449638624547,0.04629349098710107,0.0550624483697542,0.12186289647491316,0.32732938571548004,0.17061221748775143,0.14014918291789083,0.08875331232916749,0.24826241153618095,0.10221413808484932,0.15208679654313836,0.0,0.13280551944809163,0.08575048783124438,0.032554018919518875,0.15138771875843834,0.06932984425171998,7.973800867886282e-16,0.06801947403461926,0.0020811901034713492,1.2369638671873987e-15,8.024890066189451e-16,9.322901173345697e-16,0.0,0.18817268762220435,0.18222263177219622,0.37755582589876124,0.08941846476961365,0.2207334448668138,0.12306766502392766,0.07342858726635713,0.03717439589642461,0.03313684599869255,0.051548048445550144,0.37399673871285,0.3282983568412845,0.0013488140626732091,0.22184149652618756,0.06328086607013418,0.15645073916235697,0.21870130903851845,0.23717116883685221,0.016750253546040043,0.06811869796398953,0.1492311114999245,0.09799142574421962
Metal_Dopant_3 Ionization Potential,0.13138315504850398,0.039062498965429786,0.04035238861939676,0.23341306349384303,0.19036847398204157,0.2286180087682294,0.1792541367766163,0.1313250098244836,0.22887821666396502,0.3270826506731067,0.11477269670835659,0.16821492345254516,0.18525440549271902,0.2342282635368149,0.21491708402809692,0.13108276314750616,0.09913266756678335,0.007611447842641435,0.018717728690549478,0.13280551944809163,0.0,0.022799407727687043,0.09430101867437767,0.18190824667146804,0.005867017500292917,0.0427673750832758,0.10399444356910843,0.04500320545921113,1.0966648753688284e-15,0.043524597011561375,4.819081793319077e-15,0.0,0.5592688580741266,0.3821488810853155,0.5802749027809087,0.009349536164645619,0.17025391723592723,0.3548157791619527,0.09709977532951429,0.10743666165237112,0.23485817277686755,0.055829890353594695,0.2041039257289574,0.35600060449693294,0.0005762360282035002,0.16094234500693513,0.02617261193287623,0.23877785231187365,0.37340848203271354,0.46516604739799733,0.03449103130697547,0.10311379880220356,0.16725977894035085,0.1441337307035591
Metal_Dopant_3 Electronegativity,0.07773467930359862,0.03385419863142311,0.0,0.04471263212804674,0.04013026815548189,0.008185071686057454,0.1935394137854073,0.034563028485926954,0.11363775400607691,0.05232792246270853,0.0,0.012616723116828753,0.16103113093933977,0.10931220234035433,0.13289218663438218,0.25243700702508065,0.022670239980147236,0.011515223806280006,0.0,0.08575048783124438,0.022799407727687043,0.0,0.01910124172408535,0.007020325601189664,0.0003384748578371273,0.0,0.0,0.0,0.0,0.0,0.0,0.0,0.11074726887922844,0.06086247569591355,0.2866411548451505,0.001303102547863771,0.020371506027089675,0.028839089587040647,0.01582599303937039,0.02835183654074791,0.06893960297377288,0.050081023633803366,0.09160137102562738,0.10861577557939496,0.0,0.02588424679017689,0.050494122169808114,0.005059633297846614,0.024653966198390963,0.13470493517016024,0.0027090169814135913,0.058285241270685656,0.01581609888556794,0.004411193917460167
Metal_Dopant_3 Number of d electrons,0.06241274439119012,0.036492063002448075,0.21777188474658307,0.054330850006837794,0.09345894888266087,0.06201705572978573,0.1512596250046524,0.044613749829655484,0.3238832609470833,0.07314970865145665,0.38919870409683055,0.11535335575467552,0.11887612886502337,0.04452441518652814,0.08681481496154632,0.09212558215879986,0.042384460707680004,0.1338884362016371,0.0006945396392243911,0.032554018919518875,0.09430101867437767,0.01910124172408535,0.0,0.05066492938781708,0.004840100748106679,2.1701495436629704e-15,0.3219231729455297,8.305848770456793e-16,1.160998167954245e-15,0.007182558078691028,4.0703802685015025e-14,0.0,0.27942773942903837,0.12029804210583432,0.20199740880879463,0.011537529191417088,0.24546383475683198,0.09549331108286414,0.15351831376869138,0.03805945779884,0.16936531005051908,0.08116978702823324,0.0430548781367231,0.1836513382309381,0.002249217996103846,0.4312243161112921,0.013745623854448701,0.09937020701553367,0.05183235153802073,0.15505824773546745,0.016001463261342067,0.43144530042178025,0.06881749643165082,0.04318604535597529
Metal_Dopant_3 Atomic Radius,0.14889667023928968,0.028573779737329153,0.007545333223041315,0.18721685973936875,0.37239553226154265,0.18202113682713542,0.054921761937031445,0.2864684979652151,0.24385711535669458,0.03769461447145832,0.009562488744491707,0.16964604929321778,0.19968202241097646,0.14244971294012332,0.16861594819517411,0.09384131442215268,0.08064071883786388,0.02586314119922853,0.006146053922009146,0.15138771875843834,0.18190824667146804,0.007020325601189664,0.05066492938781708,0.0,0.003977390934164759,1.1573719540987696e-16,1.8930864734381605e-16,0.04025510250144189,3.0133273481413876e-16,0.01869395824986313,0.0018129152301851919,0.0,0.21931833486501803,0.2517686740644405,0.20846342368299528,0.04986711339968051,0.3348173827236152,0.28934962090254107,0.09802387409403493,0.07345319599212197,0.09535408086593695,0.03837988641429689,0.21388043984891753,0.24130785702711316,0.012293028672374424,0.08364221367585904,0.015989596403024806,0.18396384686321582,0.4123952984652399,0.2140155980912132,0.014790104391777097,0.13638281226059415,0.10014489871462616,0.2734198527560618
Metal_Dopant_4 Relative Atomic Mass,0.0375771379162907,0.0037187991284249977,0.0003346916495377689,0.007675330184841401,0.22552460135544972,0.008182365829363127,0.0142357822858558,0.0144985873197749,0.008205067269523029,0.010120023016622544,0.09819441223524239,0.012260574196934791,0.01865444061616912,0.0039790410182096005,0.014079756524491532,0.2523609913596202,0.2634487819804604,0.0024611115874413124,0.00010889599128289295,0.06932984425171998,0.005867017500292917,0.0003384748578371273,0.004840100748106679,0.003977390934164759,0.0,7.965181398653691e-16,2.0335988906076173e-15,0.0,0.0,1.133648304792933e-15,1.3165102006892733e-15,0.0,0.021751532952699125,0.0075728481717805786,0.0021126471427621242,0.00026255663195439425,0.007070120062432779,0.004777986847823905,0.008387367209913005,0.0076120343982566995,0.0007352245614801044,0.0014883779782004982,0.27839372571976007,0.09774349763614396,2.1596856270998489e-16,0.025334800937272226,0.0006964813589381186,0.05280281245374597,0.033196838722909947,0.023661693222053123,0.0036436789693049805,0.265003275048007,0.009635431960599164,0.019322197117445733
Metal_Dopant_4 Atomic Number,0.0031616799124518946,0.001213236032166899,0.0,0.0033792535486234444,0.0036519855083398263,0.0010400426016290137,0.0052577966833495665,0.01571495050718317,0.009038670072683141,0.00531416680903991,0.0,0.13666576019440954,3.4092991813951275e-15,0.008395121152697875,0.00789918347801248,0.15774839039653324,0.6470828679523075,1.6446451930462983e-15,0.0,7.973800867886282e-16,0.0427673750832758,0.0,2.1701495436629704e-15,1.1573719540987696e-16,7.965181398653691e-16,0.0,0.0,0.0,0.0,0.0,0.0,0.0,0.2573547989925752,0.016127734608813706,9.8809394712078e-16,0.005331691678109693,0.003619181397732301,0.07651129780169126,1.4814694483164413e-15,1.0053847936055362e-15,0.010815631548897826,1.7272066180565411e-15,0.003786695031352105,0.010572531996447905,0.0,0.004490956487916327,3.4700259143084546e-15,0.0009489568662340907,0.07665688066032743,0.005166559931357128,0.0,2.0137402636946516e-15,0.004783997989092128,0.0010485808526322948
Metal_Dopant_4 Period,7.865398331496333e-16,8.275082374762328e-16,0.0,0.051365794201857884,0.0037949573029996994,0.0359732313339919,9.137679572980909e-15,2.739856423610501e-16,2.9035417547439964e-15,0.02792286999198224,0.0,4.947368725342389e-15,0.20719487398511294,0.00922180027645247,0.0038304353800653564,4.4512058839104955e-15,8.318091479007738e-15,9.489907453396162e-16,0.0,0.06801947403461926,0.10399444356910843,0.0,0.3219231729455297,1.8930864734381605e-16,2.0335988906076173e-15,0.0,0.0,0.0,0.0,0.0,0.0,0.0,3.661492007729688e-07,2.0247414640924115e-07,1.350409425595112e-15,8.949547920397066e-16,3.9599642475777654e-16,0.004667339839868549,4.7544024904013666e-15,1.3644203984397514e-15,2.6555089440799924e-15,1.2311368548997591e-15,3.140965061836631e-07,0.0055778906901501795,0.0,0.1952064182230772,2.5445581772236526e-15,1.1843989431699006e-15,1.7408899203934544e-07,6.215097264599535e-15,0.0,4.878606153557259e-15,0.23391285137370366,1.225483393897913e-16
Metal_Dopant_4 Group,0.07587082828162799,0.0014777704483234875,0.0,0.09346073166299736,0.2150195023401991,0.03214368015961111,0.0028508298343740282,0.0005277400310417019,0.00983826248782562,0.07963659383185179,0.0,0.1849690209339454,1.222946675889439e-15,0.20640701984220666,0.016300003357591263,0.00885728331117279,0.0036845069785933107,1.1761198269389573e-15,0.0,0.0020811901034713492,0.04500320545921113,0.0,8.305848770456793e-16,0.04025510250144189,0.0,0.0,0.0,0.0,0.0,0.0,0.0,0.0,0.037216905061154194,0.00919394364692234,0.040191488636745036,0.12776745162631087,0.005218912948029084,0.07738181285339411,0.007593098315227641,0.03926884390420306,0.006945783124907399,0.0022280856375276365,0.026951110139040654,0.01766973680149002,0.0,0.007223600974705383,0.06810611562119033,0.029906255186813432,0.021146572748453357,0.049497424553093236,0.0,0.30554151980383865,0.00956483620757129,0.013929070196918572
Metal_Dopant_4 Ionization Potential,0.0009578542628518542,0.004975694731446976,0.0,0.034909905668871075,0.24378815953101296,0.013167896439822815,4.77782651407493e-15,0.001360441735200026,0.004655103668356652,0.0009951571668516531,0.0,0.022649896878976023,0.0004916815274042423,2.5374209252920954e-15,0.0027582617643007582,0.00821274705417724,1.3051207809886698e-15,6.327776726634924e-16,0.0,1.2369638671873987e-15,1.0966648753688284e-15,0.0,1.160998167954245e-15,3.0133273481413876e-16,0.0,0.0,0.0,0.0,0.0,0.0,0.0,0.0,0.020610858370237864,0.02452693183254743,4.0108238893583513e-16,2.559932400053192e-16,0.005021804002514434,0.0025193131030330426,0.008531800883399146,0.001719971375495388,0.004496540329894962,0.008762220613790962,0.0065723972804040565,0.009533873454245749,0.0,0.0013597425997493656,1.4930043633328521e-15,6.977819378171904e-16,0.11552207464285509,0.013800839382636746,0.0,0.00090181733686502,0.015728182250499725,0.0009635629883427128
Metal_Dopant_4 Electronegativity,5.583564509651137e-16,4.685689033590485e-16,0.0,0.009601276991277207,0.0005488256727756342,1.8684268224231287e-15,0.022975723928118343,0.09998136787516024,0.01188782009059017,0.006460084927473927,0.0,0.008509479572172992,2.4086777401825427e-15,0.005018335397160423,4.26565950401526e-15,0.17291899146711842,1.5181014895196477e-15,0.06750169444826906,0.0,8.024890066189451e-16,0.043524597011561375,0.0,0.007182558078691028,0.01869395824986313,1.133648304792933e-15,0.0,0.0,0.0,0.0,0.0,0.0,0.0,0.007681746511349345,0.36346120708971646,0.05006422465930791,4.1551529113468097e-16,0.0017691526140514928,0.012290695727694635,0.04443856345140722,0.04010655228464099,1.7805969699273226e-15,0.003874835356948867,0.020674662890580606,0.0030367621417207915,0.0,2.65440240433642e-15,2.2214979201277133e-15,0.01024816788760357,0.005310331439043061,0.001313765473767175,0.0,0.47825125642426286,0.02860026521312226,0.006887087171685385
Metal_Dopant_4 Number of d electrons,0.0009521977291136951,8.472402297670816e-16,0.0,0.006363779944355363,0.0032063348500209134,0.0009064238545566342,0.007499756036610705,0.0011426135923545018,5.830924080530738e-15,6.395681459955947e-16,0.0,4.6122016586826204e-15,0.006350649801111031,0.02101537305751203,0.002421356691265568,4.07937028778471e-15,6.887991481052749e-15,0.0012497599890245255,0.0,9.322901173345697e-16,4.819081793319077e-15,0.0,4.0703802685015025e-14,0.0018129152301851919,1.3165102006892733e-15,0.0,0.0,0.0,0.0,0.0,0.0,0.0,0.03091981231808861,0.12075669146904254,1.1844606833155445e-15,0.00069119604304296,0.00560737932571141,0.0007844322716726849,5.473593553607385e-15,8.015716608713263e-16,0.00941800671737884,2.162707676722846e-15,0.011710632068135851,0.027043787097347165,0.0,0.0,4.949309643816442e-15,0.004035585894078432,0.0023393548843928342,0.009540105578447264,0.0,0.03281935319919915,0.005631749357224789,0.0012650056958032772
Metal_Dopant_4 Atomic Radius,0.0,0.0,0.0,1.4124733866023777e-15,0.0,1.2468205596238377e-15,6.997088803258328e-15,0.0,0.0,0.0,0.0,2.59706039240405e-15,0.0,1.7856092428122497e-15,4.463217366920429e-15,3.2648569340037883e-15,0.0,0.0,0.0,0.0,0.0,0.0,0.0,0.0,0.0,0.0,0.0,0.0,0.0,0.0,0.0,0.0,3.6614920096586695e-07,2.0247414486825455e-07,0.0,0.0,0.0,4.1313365475789407e-07,0.0,0.0,0.0,0.0,3.140965054771875e-07,4.302779390860161e-07,0.0,0.0,0.0,0.0,1.7408899194087839e-07,5.036435954838941e-15,0.0,0.0,3.3346054741482673e-15,0.0
Metal_Dopant_1_Proportion_Precursor,0.2392880684629642,0.08064803521997782,0.14665205538471815,0.5003443969021728,0.302138163013653,0.385026780005536,0.2659071831151626,0.2627691598985306,0.3936247940318665,0.11524695253469157,0.3612537921743213,0.39929584391773476,0.5779622086672896,0.451860727719197,0.31483929205887945,0.32509248173331523,0.4854997148041009,0.06019549494252105,0.09105270970082771,0.18817268762220435,0.5592688580741266,0.11074726887922844,0.27942773942903837,0.21931833486501803,0.021751532952699125,0.2573547989925752,3.661492007729688e-07,0.037216905061154194,0.020610858370237864,0.007681746511349345,0.03091981231808861,3.6614920096586695e-07,0.0,0.6739091191030224,0.25132682434563164,0.03265520180107048,0.3230947480839402,0.40198069483167315,0.1911630231793051,0.2670725595093265,0.13374440804088775,0.15524080267407775,0.40273185645646825,0.5936335313535658,0.09640044574877266,0.5135488745177258,0.11740667421347364,0.3054844054441096,0.33003710339965714,0.5939156669642714,0.04522028936978116,0.5631783486939884,0.2624550739838575,0.2537580683997968
Metal_Dopant_2_Proportion_Precursor,0.27908284970212116,0.051997914096343995,0.14514636184727364,0.36472869276908465,0.35104659265756033,0.20400809888174076,0.20819517411545047,0.2158790649672045,0.4305328632172265,0.11414220205147346,0.14542323247838482,0.1828675697490728,0.46575005160168836,0.2927042822697705,0.31189616340374615,0.26099634955790096,0.22614080702722048,0.2153110285179615,0.15627188455017363,0.18222263177219622,0.3821488810853155,0.06086247569591355,0.12029804210583432,0.2517686740644405,0.0075728481717805786,0.016127734608813706,2.0247414640924115e-07,0.00919394364692234,0.02452693183254743,0.36346120708971646,0.12075669146904254,2.0247414486825455e-07,0.6739091191030224,0.0,0.2564429851927045,0.01781949312371586,0.40868452819061973,0.33147241248791365,0.14511432951555986,0.25274177020236005,0.2070097529458885,0.175121260672488,0.4226752856739151,0.3989885739312348,0.0038846552846572824,0.259143320453542,0.1244968755809144,0.20313043955203886,0.409246309449148,0.5143556951896401,0.03801683398546102,0.4082788350305241,0.26717391519157857,0.28330225736011205
Metal_Dopant_3_Proportion_Precursor,0.3422240129747839,0.07567718545612957,0.006313661859090823,0.29626467627077696,0.21626771882389212,0.22748676984952987,0.10173668560312665,0.2645179139596755,0.4295254372789196,0.14122710480062242,0.019541363344200157,0.33996281496788966,0.1943297110779122,0.18081346929204958,0.21406851629060777,0.25247972803200436,0.429089757831274,0.07961728371493206,0.09691499552748489,0.37755582589876124,0.5802749027809087,0.2866411548451505,0.20199740880879463,0.20846342368299528,0.0021126471427621242,9.8809394712078e-16,1.350409425595112e-15,0.040191488636745036,4.0108238893583513e-16,0.05006422465930791,1.1844606833155445e-15,0.0,0.25132682434563164,0.2564429851927045,0.0,0.005778932505690164,0.15277623715853986,0.30582113493458746,0.3715280239086774,0.08426604910637206,0.12380010474010116,0.05626606493142912,0.19293417262019846,0.27289291268975985,0.008150721978387251,0.15958617777950454,0.005489649723873592,0.3050651641957469,0.23700277081650478,0.3532374737514242,0.03911146632966065,0.15406391689087917,0.22884191690302003,0.2732794524181809
Metal_Dopant_4_Proportion_Precursor,0.25765369814727795,0.09977537231433832,0.0028085574940509357,0.04505737861496504,0.04031273161337521,0.047060988463358426,0.008767340770790093,0.1748713452232652,0.13837105213348852,0.07717786783277475,0.09186133712375907,0.018922286790738718,0.012001633785629994,0.015448149333976664,0.013932974153590884,0.014920532461072993,0.013952911082340992,0.020385454652397578,0.37968947768748296,0.08941846476961365,0.009349536164645619,0.001303102547863771,0.011537529191417088,0.04986711339968051,0.00026255663195439425,0.005331691678109693,8.949547920397066e-16,0.12776745162631087,2.559932400053192e-16,4.1551529113468097e-16,0.00069119604304296,0.0,0.03265520180107048,0.01781949312371586,0.005778932505690164,0.0,0.02171502867212633,0.18250307704189592,0.01739545726788046,0.17237210603362357,0.011469163194751586,0.006218756814211107,0.15703526889138533,0.01593111392227105,0.04156641419241549,0.032450984425076525,0.1473347688176185,0.03509742840251534,0.06807076133914837,0.05837744612997194,0.0032254168035698995,0.01351843454970006,0.011093507245928117,0.06835655310020466
