,Metal_Dopant_1 Relative Atomic Mass,Metal_Dopant_1 Atomic Number,Metal_Dopant_1 Period,Metal_Dopant_1 Group,Metal_Dopant_1 Ionization Potential,Metal_Dopant_1 Electronegativity,Metal_Dopant_1 Number of d electrons,Metal_Dopant_1 Atomic Radius,Metal_Dopant_2 Relative Atomic Mass,Metal_Dopant_2 Atomic Number,Metal_Dopant_2 Period,Metal_Dopant_2 Group,Metal_Dopant_2 Ionization Potential,Metal_Dopant_2 Electronegativity,Metal_Dopant_2 Number of d electrons,Metal_Dopant_2 Atomic Radius,Metal_Dopant_3 Relative Atomic Mass,Metal_Dopant_3 Atomic Number,Metal_Dopant_3 Period,Metal_Dopant_3 Group,Metal_Dopant_3 Ionization Potential,Metal_Dopant_3 Electronegativity,Metal_Dopant_3 Number of d electrons,Metal_Dopant_3 Atomic Radius,Metal_Dopant_4 Relative Atomic Mass,Metal_Dopant_4 Atomic Number,Metal_Dopant_4 Period,Metal_Dopant_4 Group,Metal_Dopant_4 Ionization Potential,Metal_Dopant_4 Electronegativity,Metal_Dopant_4 Number of d electrons,Metal_Dopant_4 Atomic Radius,Metal_Dopant_1_Proportion_Precursor,Metal_Dopant_2_Proportion_Precursor,Metal_Dopant_3_Proportion_Precursor,Metal_Dopant_4_Proportion_Precursor,Hydrothermal/Mixing Temperature (degree),Hydrothermal/Mixing Time (min),Hydrothermal/Mixing Strring/Ultrasonication,Hydrothermal/Mixing Strong Reductant in Liquid,Hydrothermal/Mixing Weak Reductant in Liquid,Hydrothermal/Mixing Mixed in Solid or Liquired,Annealing Temperature (degree),Annealing Time (min),Annealing Stirring,Annealing Inert Atmosphere,Annealing Reductive Atmosphere,Post ProcessingAcid Wash/Leaching/Quenching/Ultrasonication,Catalyst Loading (mg cm -2),Support Material Loading (mg cm -2),Support not Carbon,Electrode type Glassy Carbon/Carbon Paper (Ti Mesh),LSV Scanning Speed mV s-1,Electrolyte Proton Concentration (M)
Metal_Dopant_1 Relative Atomic Mass,0.0,0.18917972238443903,0.19668180805066415,0.32697330620807713,0.3710707074303752,0.28731178203790014,0.32700719684367174,0.4131976054498978,0.39382577564331184,0.6301055523614507,0.3037342154434357,0.26140874093214056,0.3345641185071113,0.27847181865698034,0.31770071872181277,0.4158698212286404,0.30297752773032643,0.1854545584737893,0.1757806683686258,0.4375005220668823,0.44261272572109395,0.2644986585706073,0.28532642178215545,0.25583671059142205,0.05669443718278579,0.1991203505959702,0.11596059780583019,0.1063997407214331,0.17990085384298451,0.07902116964620634,0.4102226116699539,0.10638200657712475,0.36923930357623175,0.2638861184320637,0.43013572485157514,0.11841184237814464,0.2805391975904989,0.3625962838764158,0.335136721348122,0.10688949801276315,0.10928914263684882,0.4701421966491609,0.13285759320460702,0.46472588844495233,0.05940493910580854,0.7038813870124045,0.10847531174964047,0.7800637995310737,0.18526606235601648,0.47531291253067354,0.11784398655537569,0.4473319911373132,0.27617876864602126,0.5337175515940883
Metal_Dopant_1 Atomic Number,0.18917972238443903,0.0,0.19139066667148052,0.22746504022734101,0.20128208493813657,0.20515611911764264,0.1445071178079451,0.2865081665392343,0.18878822455006106,0.3814352564566805,0.10695727974951641,0.2027678210125488,0.19505391092381716,0.19237537688462514,0.30001400226934943,0.3145186688011779,0.20443068144009283,0.1482776186763204,0.11702494206673639,0.303678474408525,0.20270562979642112,0.23461396356137887,0.26277144724704904,0.1086449239628497,0.05447206356891316,0.06293459029765935,0.22962831298102782,0.09370948642283496,0.11649615391661837,0.21131612597337457,0.23301843336028288,0.04662645472904109,0.2483886914653126,0.24643177671696478,0.25086710402746315,0.04952742589581877,0.16372570963837005,0.20240500751936,0.24169672388792296,0.13399889472699306,0.6174806632732559,0.16405161435860025,0.10216873283428204,0.32444226887412314,0.098988443055216,0.3792971980645062,0.08193991772452895,0.4768466648513206,0.11287944363717876,0.34462114619477796,0.06305843376797268,0.3669352324879857,0.18924646000453552,0.24396225359648543
Metal_Dopant_1 Period,0.19668180805066415,0.19139066667148052,0.0,0.3592413309094871,0.3242737994777221,0.2521182809582962,0.15314610054733496,0.33300614375936566,0.31596712317024106,0.3763104698864258,0.0,0.2773321884441542,0.24593798341424697,0.24131390326851523,0.3509340909767698,0.3558738056262139,0.28375018920584333,0.12165472571527301,0.0,0.28799593728220907,0.1591201421944908,0.37287850322981947,0.2568033539999494,0.25585709564092735,0.0,0.0,0.0,0.0,0.0,0.0,0.0,0.0,0.2965679419352156,0.34217319012016756,0.366311340925047,0.11530865144254683,0.21691730103476395,0.3466708419316727,0.16198179925594472,0.10299225366919246,0.07235180392671572,0.1827454055161332,0.2020854504948812,0.3315776862346055,0.0,0.2638791898063204,0.041280823002721644,0.4443090934669163,0.13587617031088123,0.42586435642206155,0.1117690063564657,0.407830219249428,0.36733516490888984,0.34266729018936487
Metal_Dopant_1 Group,0.32697330620807713,0.22746504022734101,0.3592413309094871,0.0,0.7110439492023698,0.3999976205763003,0.3549312435563901,0.7147426485535285,0.5108203686727719,0.3910947582351146,0.17029883517230682,0.37329971559365743,0.4008474209676436,0.5469013070650096,0.5459238217325392,0.5403863239085286,0.3373469030011755,0.12750311727715996,0.17827300623785133,0.4246314371351448,0.3833365830997742,0.4094126121566706,0.32531634937480636,0.3560115660625757,0.0787407264043211,0.335902198690252,0.10706729698493057,0.16863074838757824,0.19331563447964098,0.07412380629271699,0.1916889257439103,0.052899430864313764,0.707997987487235,0.593364823386177,0.4914702241811971,0.060214117171566765,0.4655779227759228,0.5707453903702245,0.283461848143262,0.17801864849450288,0.250112948104767,0.24183156518812943,0.3397783330798593,0.6243462748865595,0.13754241280569854,0.30941306982351857,0.24616009583913745,0.7122699066590642,0.36312635068596383,0.7337943872061065,0.20650988731532055,0.44945058206508093,0.438268410169636,0.7290199078692721
Metal_Dopant_1 Ionization Potential,0.3710707074303752,0.20128208493813657,0.3242737994777221,0.7110439492023698,0.0,0.5711945525461786,0.20369560097916048,0.7583100851256281,0.5143568985673187,0.25318963821317547,0.11543007712385436,0.4452970524924053,0.6115359598338233,0.4947502043026953,0.4436608771971631,0.3868699268831098,0.4573542056857852,0.15961659001048684,0.09652810675728227,0.37594370534760746,0.24514174265282956,0.08998541994663836,0.3229428169715534,0.36328229106391874,0.0627456199985029,0.08408803377615617,0.09495974008715562,0.048132483905640726,0.12814457112062297,0.06823062264861146,0.10217447826139665,0.11506862013296859,0.6873881920312823,0.7720561138072738,0.43474277446860243,0.08389085459524416,0.7046398061651978,0.7879047291449119,0.3285429469251797,0.11559740380000408,0.12118081697171657,0.2643065278294036,0.6483116231725267,0.6242430800682288,0.33618904944013367,0.365213774552637,0.11607944103304663,0.7274405951580605,0.7456541910846546,0.7333925191723996,0.20494097222326907,0.3521120778856111,0.5458031241678006,0.6851670537501844
Metal_Dopant_1 Electronegativity,0.28731178203790014,0.20515611911764264,0.2521182809582962,0.3999976205763003,0.5711945525461786,0.0,0.2875729674374251,0.7902397256212847,0.6183468895888103,0.21074532517822356,0.05534865133311734,0.3635253325971473,0.6990750049380012,0.6201016253435563,0.5233719256833409,0.45299664460395817,0.37238521342559094,0.11597139843837342,0.16908352670937324,0.4094955601629367,0.29413616608412435,0.19415301612524974,0.15426032522331135,0.4320766977945248,0.05313596643475686,0.1533607621716386,0.12093618414678887,0.09373297108763233,0.1770055087691008,0.11947965667011246,0.1588078822277725,0.1776462075458107,0.7673263179422778,0.5537943397296049,0.41858392711914594,0.06924425016349647,0.42569733757490597,0.7093859744897739,0.37411667334129195,0.19785198651467356,0.16977097168200517,0.2749210131063417,0.4366054584178401,0.6499592532256204,0.0504216997402219,0.2812786907950941,0.09709779740716605,0.5571987270033963,0.493261304962489,0.6451119089193403,0.23189066785116877,0.6199262929413956,0.5755357691502905,0.7133382528346486
Metal_Dopant_1 Number of d electrons,0.32700719684367174,0.1445071178079451,0.15314610054733496,0.3549312435563901,0.20369560097916048,0.2875729674374251,0.0,0.4003356965898081,0.345744411737792,0.7246534732998712,0.14015816136469514,0.21949497515619645,0.28917371438758516,0.19099624705436957,0.4644745975769624,0.3757950873511984,0.5846912800099691,0.1594965395489594,0.09483044522660636,0.3344848531391165,0.2973782215667686,0.269546629602402,0.21890221453537606,0.1426357346560645,0.03971253589215326,0.5043144401627215,0.12951576051439104,0.10408755024987558,0.08504631841746625,0.5576617481357514,0.10310068557826738,0.0783614504893752,0.3835945520971527,0.2446605649613967,0.5678129081816837,0.16070566107038514,0.2466948108025731,0.2846261216085837,0.21363564001159788,0.18052634415041355,0.47999820798285436,0.3618797001411669,0.16261852804581706,0.4136443296770323,0.16348981768263898,0.6199918008476166,0.04527021822831275,0.5658553896331452,0.1410806271636464,0.4388308712135821,0.10474144750748446,0.3696285721535484,0.21530262852901624,0.29942955551509515
Metal_Dopant_1 Atomic Radius,0.4131976054498978,0.2865081665392343,0.33300614375936566,0.7147426485535285,0.7583100851256281,0.7902397256212847,0.4003356965898081,0.0,0.6923673590207978,0.4278244800276411,0.140481452650823,0.46605718215524666,0.7644941756265021,0.682987520868776,0.7275022777781102,0.6518390058400528,0.4671303641163423,0.14586927929316382,0.15480521634445144,0.6552697413691572,0.34179439864838573,0.3782115185449263,0.41486853050137373,0.6884387832506927,0.26919319372333017,0.14508399405849912,0.09804853212990455,0.22119481319165005,0.28527237453713195,0.07556512775734374,0.2781177979550796,0.3209375437234644,0.7456465205748564,0.6124855843079489,0.7779141331877476,0.138614193804719,0.5039514085139729,0.7049815786312252,0.5601048897222365,0.16470567104142722,0.11613264804511532,0.5113093640020918,0.3729248500663349,0.8127824871014104,0.15571191755122846,0.5838414333758363,0.2912604347394652,0.7889904106309685,0.5138481012344712,0.7908188591693602,0.24851225015902487,0.8018031247587037,0.6866959731951232,0.7589361574172006
Metal_Dopant_2 Relative Atomic Mass,0.39382577564331184,0.18878822455006106,0.31596712317024106,0.5108203686727719,0.5143568985673187,0.6183468895888103,0.345744411737792,0.6923673590207978,0.0,0.47325996896518424,0.17923757911505542,0.4232907062750095,0.7558939645838353,0.5924503606655919,0.7186727409517633,0.6031469645782015,0.5682508938506436,0.11789958914518223,0.19563082588291444,0.5513072012471139,0.2815894808191116,0.3113864540311906,0.3646045785929182,0.5500990314282322,0.08029860272910078,0.14874786010451224,0.12691526318180837,0.0917472442776481,0.060580356933068104,0.18082765702514728,0.06877310655000093,0.07866183832758002,0.6664234699006027,0.48065730869752066,0.5081368207696362,0.08365531960380514,0.47318932671567815,0.5778166819756183,0.44012135844093203,0.20359384946385925,0.1285625918588567,0.44366401413769674,0.35906221522364773,0.7726333578812202,0.2167091902430211,0.4033035648974091,0.10166358332388688,0.7915216044504912,0.42895134115004213,0.7590227624146654,0.2243148925506478,0.5921384952334897,0.42964123096108714,0.6651153670130402
Metal_Dopant_2 Atomic Number,0.6301055523614507,0.3814352564566805,0.3763104698864258,0.3910947582351146,0.25318963821317547,0.21074532517822356,0.7246534732998712,0.4278244800276411,0.47325996896518424,0.0,0.5477690246736918,0.31253186214926226,0.3989732468709602,0.33807445695147165,0.5161637775345873,0.5201092400953197,0.532708899983945,0.47513628412079495,0.5676111701892146,0.7509301986021942,0.5425255535442244,0.0,0.5038674255372484,0.38770826861563107,0.25388935257712053,0.0,0.44492365281395413,0.0,0.5081245923574524,0.0,0.0,0.20977270218584537,0.3945803290035743,0.4858597782811844,0.5284537675584652,0.380549800806094,0.24565916772133367,0.468794957215922,0.4569379093328622,0.19057706375646474,0.40199698194544714,0.5918637491288207,0.20667337115287424,0.4752332340791253,0.25106667397859994,0.7307793930271408,0.22183622400921507,0.604039372923415,0.12801275704664555,0.5469506341016106,0.3154196740647023,0.7060570495589068,0.30010245620583303,0.4068130514113023
Metal_Dopant_2 Period,0.3037342154434357,0.10695727974951641,0.0,0.17029883517230682,0.11543007712385436,0.05534865133311734,0.14015816136469514,0.140481452650823,0.17923757911505542,0.5477690246736918,0.0,0.12269736076629384,0.12473886014060086,0.09757008677465351,0.22557664199667524,0.2021691707217761,0.17295559919957895,0.0857877969362474,0.0,0.3477338114589662,0.0941132795142495,0.2085315651393616,0.13682396370979383,0.15729790976916389,0.0,0.0,0.0,0.02747231983272833,0.0,0.0,0.0,0.03709200578855881,0.12629738753766576,0.1842479377260075,0.3731283433715602,0.14940294267910018,0.06177430929368578,0.09154740438531826,0.18780724268280982,0.0845586503019767,0.05858379954311446,0.3600581841133605,0.04483731462764364,0.18117299898479192,0.0,0.290596728778224,0.08502236951617527,0.39917036779812837,0.03668761995550734,0.1479783688805191,0.07317068462563424,0.24254761576786185,0.12303897445097162,0.0934020159820442
Metal_Dopant_2 Group,0.26140874093214056,0.2027678210125488,0.2773321884441542,0.37329971559365743,0.4452970524924053,0.3635253325971473,0.21949497515619645,0.46605718215524666,0.4232907062750095,0.31253186214926226,0.12269736076629384,0.0,0.5764933508571566,0.4889245863229746,0.47625088746762395,0.3978099083732755,0.46858946368389615,0.08299953251041747,0.13663530397839838,0.3411209696724066,0.1410556029114377,0.25406336706594546,0.30445171270710136,0.23497219056266144,0.062135485116310354,0.13462694268499786,0.10064674793258378,0.04494397774106807,0.06398326723099922,0.07653481699392,0.24175757339735504,0.020332662004766355,0.5270645960833086,0.48299179141247245,0.28409527419293795,0.05201602968180006,0.3110063289196278,0.4635274779125652,0.27400873997454994,0.1772967959410285,0.20821582844505276,0.22035049650113997,0.3290023831164958,0.598225809662314,0.05400893305945423,0.25205797546534164,0.19516957617831743,0.5063470156709534,0.2968538545901259,0.5314357062014289,0.21018921555238357,0.4399645612773723,0.35946649787811974,0.5000842715137211
Metal_Dopant_2 Ionization Potential,0.3345641185071113,0.19505391092381716,0.24593798341424697,0.4008474209676436,0.6115359598338233,0.6990750049380012,0.28917371438758516,0.7644941756265021,0.7558939645838353,0.3989732468709602,0.12473886014060086,0.5764933508571566,0.0,0.736329606866074,0.5277097770952528,0.5600468907064977,0.38511764932625936,0.1737833624409446,0.18383255324644093,0.4676618282234758,0.4505447281843411,0.34080488255322683,0.18825940619501474,0.4080780557586624,0.10463853316073486,0.3012357091210361,0.1100717772057992,0.16241647953987132,0.08572359986644656,0.07005022341708572,0.09650489569204633,0.05417297020839568,0.7166378862933311,0.6682757448747287,0.47593144655257147,0.09000586913778244,0.5364835599758531,0.697572022838919,0.3410586324086671,0.12695622134568257,0.1914353531307717,0.29410384770878456,0.49693485297071943,0.7887213915279102,0.09916352769959731,0.3249139978479008,0.10500346938597487,0.869638472473957,0.5149308825385022,0.6780923707176816,0.24561672043872118,0.5976452168165565,0.5778835254341304,0.8772379433758073
Metal_Dopant_2 Electronegativity,0.27847181865698034,0.19237537688462514,0.24131390326851523,0.5469013070650096,0.4947502043026953,0.6201016253435563,0.19099624705436957,0.682987520868776,0.5924503606655919,0.33807445695147165,0.09757008677465351,0.4889245863229746,0.736329606866074,0.0,0.5293564909042254,0.4513159833199656,0.6255873104704354,0.1353883891261677,0.22307396820232403,0.47524408196520973,0.24692226893756916,0.2691936195788289,0.33615693040533307,0.2786675729907628,0.04294473352014038,0.059437885995741124,0.041911058852658244,0.44651833594361945,0.1601165437605561,0.02499535418786349,0.1341597141426641,0.014047003073672836,0.687587368120152,0.6228760607505794,0.3758179705989057,0.06111369393590758,0.47410299908804376,0.6076093291590201,0.4219508753735671,0.12338392268573216,0.13762316628930343,0.39003825751568016,0.3579084887530976,0.7170697921333105,0.10785615047071637,0.4276166993597479,0.3345145528283115,0.7680051086549913,0.30058408022091004,0.6464483544394702,0.6684145528318999,0.6824045268264186,0.6453758758501134,0.6506669237128537
Metal_Dopant_2 Number of d electrons,0.31770071872181277,0.30001400226934943,0.3509340909767698,0.5459238217325392,0.4436608771971631,0.5233719256833409,0.4644745975769624,0.7275022777781102,0.7186727409517633,0.5161637775345873,0.22557664199667524,0.47625088746762395,0.5277097770952528,0.5293564909042254,0.0,0.8233289018934175,0.5406556154543476,0.19087110632573806,0.3086785247211677,0.5246891849292811,0.5216791993574441,0.3555175461306631,0.3421554462623074,0.3346083926803741,0.07857921942623797,0.13455109441158952,0.4213437343871407,0.1350153061475899,0.16514836433096822,0.16333086305653965,0.05316411991875229,0.1069993551548267,0.728781014396438,0.6912080392311353,0.5704606226487497,0.0833974728676919,0.3790336204040966,0.5288785240891343,0.37146274522475137,0.1785034532988576,0.1528096277840033,0.46152099324632145,0.2830436612419122,0.7186672404727059,0.24852055162373568,0.42105519963163174,0.16964948744533798,0.7540716584496744,0.34670178746977953,0.6614145231256346,0.24597375404480337,0.4807605727852902,0.5006752062541832,0.5160060348752011
Metal_Dopant_2 Atomic Radius,0.4158698212286404,0.3145186688011779,0.3558738056262139,0.5403863239085286,0.3868699268831098,0.45299664460395817,0.3757950873511984,0.6518390058400528,0.6031469645782015,0.5201092400953197,0.2021691707217761,0.3978099083732755,0.5600468907064977,0.4513159833199656,0.8233289018934175,0.0,0.47237879190063103,0.2385511764102745,0.38956385559993884,0.4229149975850411,0.43291210660879886,0.4068840888849717,0.44842316928277126,0.38894183955440265,0.45586867823741123,0.37476022073580056,0.23181764019015613,0.08717731950706312,0.292436607343301,0.13349208141735228,0.2554036214717565,0.20511596811957702,0.5244778147701757,0.6351147785621077,0.4568392829632882,0.15978998932983907,0.21860267262217167,0.3931457041702888,0.43502490765510726,0.27527282123540575,0.23027861520596918,0.3595729062417138,0.19886174756699812,0.5284289423838122,0.34059454780679493,0.48412421340014666,0.2784943334319214,0.9105521317024571,0.24864709088035225,0.6456974080393861,0.4147183977807746,0.5352966889172904,0.5148584714761884,0.4435137304785221
Metal_Dopant_3 Relative Atomic Mass,0.30297752773032643,0.20443068144009283,0.28375018920584333,0.3373469030011755,0.4573542056857852,0.37238521342559094,0.5846912800099691,0.4671303641163423,0.5682508938506436,0.532708899983945,0.17295559919957895,0.46858946368389615,0.38511764932625936,0.6255873104704354,0.5406556154543476,0.47237879190063103,0.0,0.20752925455488846,0.28345495389091346,0.5664097463622376,0.47520440020875865,0.2949681495770063,0.32110248890966947,0.4059827472463429,0.06244509917474969,0.2857575311661351,0.0464383687844325,0.2918017325544534,0.1390401263173069,0.043383961468133635,0.20626626267214704,0.21230548603114946,0.47161490772499387,0.4722377959899021,0.5762991775942851,0.026823872817502356,0.3292789500910144,0.4933054265438528,0.6931383933465801,0.2673605175807094,0.2145361344281917,0.37732566928701633,0.2544259484547956,0.6994096482658505,0.13199497719621908,0.3212033714369429,0.3571981207235782,0.9254389590449009,0.2917615808847969,0.5725897486572995,0.1530784436606304,0.6748708124952411,0.3277578414270213,0.4567630386062478
Metal_Dopant_3 Atomic Number,0.1854545584737893,0.1482776186763204,0.12165472571527301,0.12750311727715996,0.15961659001048684,0.11597139843837342,0.1594965395489594,0.14586927929316382,0.11789958914518223,0.47513628412079495,0.0857877969362474,0.08299953251041747,0.1737833624409446,0.1353883891261677,0.19087110632573806,0.2385511764102745,0.20752925455488846,0.0,0.08468259284169471,0.36673981355317736,0.21654534607938125,0.0,0.15889154918154116,0.1580446568212655,0.05935506189091777,0.14438939919279528,0.14216942026249924,0.04923410732750685,0.2197549652321547,0.07517396798266833,0.13440306791657886,0.1903327374268342,0.19440414075086135,0.11163070625735907,0.5454872786281314,0.08085945377697346,0.09983913580371202,0.3676010682336007,0.14786271301932644,0.0699719744806451,0.10728648460124443,0.06744060281690076,0.06519332151111815,0.3171110331659795,0.03202615036788592,0.4199853466696359,0.15015246275383065,0.3305974312226531,0.0781653657147442,0.2378424792339896,0.013789081142815364,0.49535631821149784,0.17809421921344995,0.16668744563213636
Metal_Dopant_3 Period,0.1757806683686258,0.11702494206673639,0.0,0.17827300623785133,0.09652810675728227,0.16908352670937324,0.09483044522660636,0.15480521634445144,0.19563082588291444,0.5676111701892146,0.0,0.13663530397839838,0.18383255324644093,0.22307396820232403,0.3086785247211677,0.38956385559993884,0.28345495389091346,0.08468259284169471,0.0,0.3743351993176558,0.5284728761099252,0.2449782548707779,0.19978255824143634,0.06393281350046674,0.0,0.0,0.0,0.31380621713101586,0.0,0.0,0.0,0.11823859258681861,0.09741643660541016,0.2025108282497847,0.3696987691849229,0.07279957357516999,0.06959441972693062,0.21434595548325133,0.1141781593786321,0.057972273219447555,0.08892181160570653,0.1282534351942768,0.078398779605225,0.28321325984439416,0.0,0.283542194535444,0.0,0.17451814598439733,0.08218629024582176,0.23736967162945816,0.0409836954465043,0.2327030670506533,0.20157393004234384,0.1846790051949602
Metal_Dopant_3 Group,0.4375005220668823,0.303678474408525,0.28799593728220907,0.4246314371351448,0.37594370534760746,0.4094955601629367,0.3344848531391165,0.6552697413691572,0.5513072012471139,0.7509301986021942,0.3477338114589662,0.3411209696724066,0.4676618282234758,0.47524408196520973,0.5246891849292811,0.4229149975850411,0.5664097463622376,0.36673981355317736,0.3743351993176558,0.0,0.6965263313018892,0.0,0.3188821329325014,0.6314317450976628,0.19574027908541514,0.30193604874179814,0.04844436116458611,0.3228700810606739,0.283205783950416,0.11400146058168212,0.21682708088590644,0.36404851568759866,0.6985729926888472,0.47885061727330075,0.5947918983550693,0.1756998065002853,0.26187414158016437,0.4047489568261703,0.3957111676585386,0.1908404639467985,0.21209693750080164,0.31237602051494784,0.18850839675060707,0.6332003704759462,0.1932159306959298,0.6379817678368416,0.18066250925470898,0.7939949809574817,0.32054619585798455,0.4886805659921508,0.20509426445797943,0.43745583618888,0.37133461777942045,0.44503730039607664
Metal_Dopant_3 Ionization Potential,0.44261272572109395,0.20270562979642112,0.1591201421944908,0.3833365830997742,0.24514174265282956,0.29413616608412435,0.2973782215667686,0.34179439864838573,0.2815894808191116,0.5425255535442244,0.0941132795142495,0.1410556029114377,0.4505447281843411,0.24692226893756916,0.5216791993574441,0.43291210660879886,0.47520440020875865,0.21654534607938125,0.5284728761099252,0.6965263313018892,0.0,0.5961416881288547,0.29274524100473615,0.30575696161904714,0.17612309896837886,0.17490736175425525,0.030061088475788186,0.16056130418334902,0.18031182325027334,0.07483826489768645,0.43371892186682764,0.2696607292081637,0.35860548135651954,0.2088381721215526,0.6190086217210371,0.11136041793833407,0.1614554675948255,0.3403854393075772,0.2798829319129751,0.12605754732211236,0.1095338089685551,0.5176735931564493,0.07449800667971138,0.42841667107712866,0.2903256535764404,0.4475688343939587,0.14584873215261784,0.443614777102441,0.17891575564007248,0.37777510871484654,0.16075422168092496,0.2790188669709326,0.2662687343301247,0.2772422553932486
Metal_Dopant_3 Electronegativity,0.2644986585706073,0.23461396356137887,0.37287850322981947,0.4094126121566706,0.08998541994663836,0.19415301612524974,0.269546629602402,0.3782115185449263,0.3113864540311906,0.0,0.2085315651393616,0.25406336706594546,0.34080488255322683,0.2691936195788289,0.3555175461306631,0.4068840888849717,0.2949681495770063,0.0,0.2449782548707779,0.0,0.5961416881288547,0.0,0.35039760136103326,0.2758273474332232,0.3104265567899561,0.2406922218690975,0.27718851811949025,0.2233217082138083,0.40232249823730093,0.15077525506710274,0.2893193549400823,0.0,0.3401377113074271,0.45216173418872796,0.7257682765745442,0.2683188371729706,0.21978195234019507,0.4378829544097526,0.5423614308774615,0.05676072685895104,0.10476357352823791,0.29617294166963526,0.1509955073461747,0.45646254317937224,0.036690913273509616,0.5677388164676481,0.07979381336646908,0.4853745913266298,0.19519126695574307,0.4219371445455538,0.10303551953417657,0.402400122486647,0.23783695300657814,0.3354192169494071
Metal_Dopant_3 Number of d electrons,0.28532642178215545,0.26277144724704904,0.2568033539999494,0.32531634937480636,0.3229428169715534,0.15426032522331135,0.21890221453537606,0.41486853050137373,0.3646045785929182,0.5038674255372484,0.13682396370979383,0.30445171270710136,0.18825940619501474,0.33615693040533307,0.3421554462623074,0.44842316928277126,0.32110248890966947,0.15889154918154116,0.19978255824143634,0.3188821329325014,0.29274524100473615,0.35039760136103326,0.0,0.4274954040879669,0.09429403949622758,0.1815660881752775,0.17726651539548396,0.1405600365282717,0.07762086601244456,0.05387642908125344,0.2358891324789082,0.06707627995579696,0.37100419288948117,0.3112457680044141,0.40456234215124215,0.3311524904911149,0.121268478492601,0.26649042712464227,0.2981619767642902,0.0,0.1286613877305877,0.3503388206562299,0.11483696228249099,0.46750030530168696,0.2882928983844394,0.37220179485749966,0.16867888895502933,0.5813228321734123,0.14048917636501396,0.31489642064415324,0.14149206687755933,0.21647779151775925,0.2717404955882629,0.46521014079525397
Metal_Dopant_3 Atomic Radius,0.25583671059142205,0.1086449239628497,0.25585709564092735,0.3560115660625757,0.36328229106391874,0.4320766977945248,0.1426357346560645,0.6884387832506927,0.5500990314282322,0.38770826861563107,0.15729790976916389,0.23497219056266144,0.4080780557586624,0.2786675729907628,0.3346083926803741,0.38894183955440265,0.4059827472463429,0.1580446568212655,0.06393281350046674,0.6314317450976628,0.30575696161904714,0.2758273474332232,0.4274954040879669,0.0,0.465127245727311,0.11198643384632843,0.038473173453758724,0.09806530999842605,0.07679242754703844,0.020379054199809198,0.4682201344733579,0.23699797950270635,0.6582481958688724,0.7031158341530053,0.8336451307502236,0.04731897081789146,0.24464598615355768,0.45325931876566083,0.4239011150881638,0.2705997979901683,0.2850576354726312,0.0,0.17470405726011412,0.45405077600987215,0.0777033710870643,0.38498513708727766,0.12216415988931152,0.49349007422284336,0.2269109335677974,0.6003681732490309,0.13092633517510338,0.36053343663607307,0.27826250959608795,0.5137025475964633
Metal_Dopant_4 Relative Atomic Mass,0.05669443718278579,0.05447206356891316,0.0,0.0787407264043211,0.0627456199985029,0.05313596643475686,0.03971253589215326,0.26919319372333017,0.08029860272910078,0.25388935257712053,0.0,0.062135485116310354,0.10463853316073486,0.04294473352014038,0.07857921942623797,0.45586867823741123,0.06244509917474969,0.05935506189091777,0.0,0.19574027908541514,0.17612309896837886,0.3104265567899561,0.09429403949622758,0.465127245727311,0.0,0.0,0.0,0.0,0.0,0.0,0.0,0.0,0.10737672138727149,0.16397779126643344,0.10979944994730825,0.08279816548581384,0.0945285373442392,0.2708343184518859,0.07364138002662202,0.10501583966405742,0.10184151687089783,0.10013661726035206,0.05233307958907282,0.12764908128390892,0.0,0.052611759651665514,0.08449557267098734,0.3802015788440562,0.04239574321480195,0.18813604544803583,0.0812079453757909,0.19157102170138063,0.1077873919241076,0.2524467081955486
Metal_Dopant_4 Atomic Number,0.1991203505959702,0.06293459029765935,0.0,0.335902198690252,0.08408803377615617,0.1533607621716386,0.5043144401627215,0.14508399405849912,0.14874786010451224,0.0,0.0,0.13462694268499786,0.3012357091210361,0.059437885995741124,0.13455109441158952,0.37476022073580056,0.2857575311661351,0.14438939919279528,0.0,0.30193604874179814,0.17490736175425525,0.2406922218690975,0.1815660881752775,0.11198643384632843,0.0,0.0,0.0,0.0,0.0,0.0,0.0,0.0,0.10075953932498449,0.20530795866125076,0.36346846174129427,0.31585572510618104,0.06442278834035005,0.17405983503842623,0.05074388233716114,0.02767586955598146,0.015837316050625695,0.0,0.018895046755964613,0.16681826348884984,0.0,0.5118174475228606,0.07415775030552513,0.01898257374396599,0.1028961014951748,0.11916257218992113,0.03443396566867368,0.18645817376651297,0.06811966430564335,0.1931734253055728
Metal_Dopant_4 Period,0.11596059780583019,0.22962831298102782,0.0,0.10706729698493057,0.09495974008715562,0.12093618414678887,0.12951576051439104,0.09804853212990455,0.12691526318180837,0.44492365281395413,0.0,0.10064674793258378,0.1100717772057992,0.041911058852658244,0.4213437343871407,0.23181764019015613,0.0464383687844325,0.14216942026249924,0.0,0.04844436116458611,0.030061088475788186,0.27718851811949025,0.17726651539548396,0.038473173453758724,0.0,0.0,0.0,0.0,0.0,0.0,0.0,0.0,0.10228552146850677,0.17912937969434353,0.4528420640988311,0.1911100461606492,0.10150307711955954,0.0919585180469821,0.06435758086896134,0.004188325695689159,0.5244774988262986,0.06405372056650044,0.03893542438414806,0.09687495029300275,0.0,0.2681326054009303,0.050675507760671194,0.3336398115542697,0.03435056370548776,0.29748707330647645,0.021731721724340163,0.13548416373435504,0.12977983506959734,0.11920309256102721
Metal_Dopant_4 Group,0.1063997407214331,0.09370948642283496,0.0,0.16863074838757824,0.048132483905640726,0.09373297108763233,0.10408755024987558,0.22119481319165005,0.0917472442776481,0.0,0.02747231983272833,0.04494397774106807,0.16241647953987132,0.44651833594361945,0.1350153061475899,0.08717731950706312,0.2918017325544534,0.04923410732750685,0.31380621713101586,0.3228700810606739,0.16056130418334902,0.2233217082138083,0.1405600365282717,0.09806530999842605,0.0,0.0,0.0,0.0,0.0,0.0,0.0,0.0,0.08865513959504255,0.12361601426930213,0.2836252498840923,0.027811359962083747,0.05022369565901964,0.10287346028326684,0.08746840312315325,0.09951450907388137,0.10922731685108543,0.4095029628424659,0.06275041909312443,0.0942965176439107,0.0,0.19072888452554826,0.1177952311851379,0.4041424725303227,0.031335267107793566,0.24803354404460273,0.47841845322426435,0.06150396679702135,0.11036601096248187,0.14925231766720845
Metal_Dopant_4 Ionization Potential,0.17990085384298451,0.11649615391661837,0.0,0.19331563447964098,0.12814457112062297,0.1770055087691008,0.08504631841746625,0.28527237453713195,0.060580356933068104,0.5081245923574524,0.0,0.06398326723099922,0.08572359986644656,0.1601165437605561,0.16514836433096822,0.292436607343301,0.1390401263173069,0.2197549652321547,0.0,0.283205783950416,0.18031182325027334,0.40232249823730093,0.07762086601244456,0.07679242754703844,0.0,0.0,0.0,0.0,0.0,0.0,0.0,0.0,0.07525439292115324,0.17520530415073657,0.2518629548074199,0.3525973025212343,0.09585570225317605,0.08295564235695836,0.0982345349357221,0.04307664968637613,0.009161888895741146,0.12828177795537882,0.023257051531614146,0.1411787511037085,0.0,0.42762342568656037,0.05095555960174096,0.11393941041810528,0.026004676955804704,0.25863742385543775,0.06840329868794903,0.13988849059406902,0.09899544639964342,0.13992003164943168
Metal_Dopant_4 Electronegativity,0.07902116964620634,0.21131612597337457,0.0,0.07412380629271699,0.06823062264861146,0.11947965667011246,0.5576617481357514,0.07556512775734374,0.18082765702514728,0.0,0.0,0.07653481699392,0.07005022341708572,0.02499535418786349,0.16333086305653965,0.13349208141735228,0.043383961468133635,0.07517396798266833,0.0,0.11400146058168212,0.07483826489768645,0.15077525506710274,0.05387642908125344,0.020379054199809198,0.0,0.0,0.0,0.0,0.0,0.0,0.0,0.0,0.09801859082554117,0.21469604841509093,0.490599940749349,0.20016155720759934,0.05702291518360993,0.08352219326779127,0.09298928616592618,0.00938655842902189,0.5262946023220941,0.04144876422432599,0.043629720218134736,0.1007372601013405,0.0,0.21912691653383906,0.016814665512186248,0.07163127102986239,0.0722058563429803,0.22649059742772937,0.00916387054061135,0.12417325403373866,0.045408798913827944,0.12732445917122007
Metal_Dopant_4 Number of d electrons,0.4102226116699539,0.23301843336028288,0.0,0.1916889257439103,0.10217447826139665,0.1588078822277725,0.10310068557826738,0.2781177979550796,0.06877310655000093,0.0,0.0,0.24175757339735504,0.09650489569204633,0.1341597141426641,0.05316411991875229,0.2554036214717565,0.20626626267214704,0.13440306791657886,0.0,0.21682708088590644,0.43371892186682764,0.2893193549400823,0.2358891324789082,0.4682201344733579,0.0,0.0,0.0,0.0,0.0,0.0,0.0,0.0,0.07577497529166546,0.21421290136779783,0.34971870551461653,0.08900762653466737,0.13898815539029705,0.13169092236057772,0.05947835653934464,0.1096519770676441,0.11088980221499825,0.290831865515832,0.08752001139874974,0.08334926133514242,0.0,0.4654141538522105,0.11258198243965868,0.2685449486367587,0.022610727512740444,0.08565464672633469,0.14570967318693048,0.2579777640285101,0.1687424269262919,0.1953924202701329
Metal_Dopant_4 Atomic Radius,0.10638200657712475,0.04662645472904109,0.0,0.052899430864313764,0.11506862013296859,0.1776462075458107,0.0783614504893752,0.3209375437234644,0.07866183832758002,0.20977270218584537,0.03709200578855881,0.020332662004766355,0.05417297020839568,0.014047003073672836,0.1069993551548267,0.20511596811957702,0.21230548603114946,0.1903327374268342,0.11823859258681861,0.36404851568759866,0.2696607292081637,0.0,0.06707627995579696,0.23699797950270635,0.0,0.0,0.0,0.0,0.0,0.0,0.0,0.0,0.05244303830027424,0.1324850701374091,0.11381353603815819,0.30723068379524543,0.04998793164462444,0.16058376751390335,0.06401892955637756,0.0569106243711351,0.05973883558952047,0.03847215245543106,0.028350069844098425,0.09124462270537144,0.0,0.5126251264022179,0.08040687247073622,0.0556105728748211,0.08942874630754545,0.06014455862515471,0.06647932174618192,0.07483512806617207,0.18968511473741023,0.08399830684013403
Metal_Dopant_1_Proportion_Precursor,0.36923930357623175,0.2483886914653126,0.2965679419352156,0.707997987487235,0.6873881920312823,0.7673263179422778,0.3835945520971527,0.7456465205748564,0.6664234699006027,0.3945803290035743,0.12629738753766576,0.5270645960833086,0.7166378862933311,0.687587368120152,0.728781014396438,0.5244778147701757,0.47161490772499387,0.19440414075086135,0.09741643660541016,0.6985729926888472,0.35860548135651954,0.3401377113074271,0.37100419288948117,0.6582481958688724,0.10737672138727149,0.10075953932498449,0.10228552146850677,0.08865513959504255,0.07525439292115324,0.09801859082554117,0.07577497529166546,0.05244303830027424,0.0,0.6046712553168243,0.690840806005109,0.13066225185605765,0.5113257122017824,0.7761017952774724,0.4867979241861895,0.15712081551170698,0.2647495444234631,0.3494326036996246,0.48225860373316104,0.8205780442074767,0.33819359772618723,0.5171358570299094,0.10197824830593516,0.7400177536193051,0.44567407732853104,0.7987273788198641,0.3226654297374646,0.6330030059591039,0.6124668918342977,0.6880004310438101
Metal_Dopant_2_Proportion_Precursor,0.2638861184320637,0.24643177671696478,0.34217319012016756,0.593364823386177,0.7720561138072738,0.5537943397296049,0.2446605649613967,0.6124855843079489,0.48065730869752066,0.4858597782811844,0.1842479377260075,0.48299179141247245,0.6682757448747287,0.6228760607505794,0.6912080392311353,0.6351147785621077,0.4722377959899021,0.11163070625735907,0.2025108282497847,0.47885061727330075,0.2088381721215526,0.45216173418872796,0.3112457680044141,0.7031158341530053,0.16397779126643344,0.20530795866125076,0.17912937969434353,0.12361601426930213,0.17520530415073657,0.21469604841509093,0.21421290136779783,0.1324850701374091,0.6046712553168243,0.0,0.6032704531969485,0.15783972778693098,0.6329840401009182,0.8925572753407365,0.22510334854840808,0.07661803759564595,0.18889588880459895,0.3312888862114762,0.5820346629280992,0.6025937815332342,0.18138287790337448,0.49601507465725614,0.15304076303246356,0.7792787708073315,0.520790144825208,0.8316614412844664,0.3624419165875889,0.5310834167340064,0.9014678568682029,0.7413728837192968
Metal_Dopant_3_Proportion_Precursor,0.43013572485157514,0.25086710402746315,0.366311340925047,0.4914702241811971,0.43474277446860243,0.41858392711914594,0.5678129081816837,0.7779141331877476,0.5081368207696362,0.5284537675584652,0.3731283433715602,0.28409527419293795,0.47593144655257147,0.3758179705989057,0.5704606226487497,0.4568392829632882,0.5762991775942851,0.5454872786281314,0.3696987691849229,0.5947918983550693,0.6190086217210371,0.7257682765745442,0.40456234215124215,0.8336451307502236,0.10979944994730825,0.36346846174129427,0.4528420640988311,0.2836252498840923,0.2518629548074199,0.490599940749349,0.34971870551461653,0.11381353603815819,0.690840806005109,0.6032704531969485,0.0,0.4891377785095066,0.35604108126412837,0.6194425592398529,0.40627955584702397,0.2513596143868384,0.2525728311433847,0.4792717036161759,0.2608464759548083,0.8684091082758918,0.2055446190556018,0.0,0.22844036019102826,0.724123018156745,0.43792056010963004,0.6495516446182302,0.27722837636538317,0.5521696490759144,0.500943871659373,0.5384348060509218
Metal_Dopant_4_Proportion_Precursor,0.11841184237814464,0.04952742589581877,0.11530865144254683,0.060214117171566765,0.08389085459524416,0.06924425016349647,0.16070566107038514,0.138614193804719,0.08365531960380514,0.380549800806094,0.14940294267910018,0.05201602968180006,0.09000586913778244,0.06111369393590758,0.0833974728676919,0.15978998932983907,0.026823872817502356,0.08085945377697346,0.07279957357516999,0.1756998065002853,0.11136041793833407,0.2683188371729706,0.3311524904911149,0.04731897081789146,0.08279816548581384,0.31585572510618104,0.1911100461606492,0.027811359962083747,0.3525973025212343,0.20016155720759934,0.08900762653466737,0.30723068379524543,0.13066225185605765,0.15783972778693098,0.4891377785095066,0.0,0.05464539895183422,0.08634412241656622,0.13649930994500692,0.015808997626930024,0.02661409406522223,0.01765816312293567,0.07530880661591516,0.08961244358531163,0.056687976849366724,0.20837170427431118,0.030858442443990036,0.05060071840264468,0.05289477773317643,0.15995304472421812,0.012630749723860918,0.11081564746603402,0.057881739739677404,0.1083843986722746
Hydrothermal/Mixing Temperature (degree),0.2805391975904989,0.16372570963837005,0.21691730103476395,0.4655779227759228,0.7046398061651978,0.42569733757490597,0.2466948108025731,0.5039514085139729,0.47318932671567815,0.24565916772133367,0.06177430929368578,0.3110063289196278,0.5364835599758531,0.47410299908804376,0.3790336204040966,0.21860267262217167,0.3292789500910144,0.09983913580371202,0.06959441972693062,0.26187414158016437,0.1614554675948255,0.21978195234019507,0.121268478492601,0.24464598615355768,0.0945285373442392,0.06442278834035005,0.10150307711955954,0.05022369565901964,0.09585570225317605,0.05702291518360993,0.13898815539029705,0.04998793164462444,0.5113257122017824,0.6329840401009182,0.35604108126412837,0.05464539895183422,0.0,0.6074886393967532,0.22696461790592956,0.11012779585143674,0.11493119988672701,0.24016024555987212,0.6304413985275158,0.5579823501879945,0.0767416270292754,0.1544064392724816,0.11138185874806976,0.47203603806261135,0.6632531709788937,0.6595239150024104,0.21638277102201725,0.336558628380893,0.48616930801424596,0.654603455287825
