,Metal_Dopant_1 Relative Atomic Mass,Metal_Dopant_1 Atomic Number,Metal_Dopant_1 Period,Metal_Dopant_1 Group,Metal_Dopant_1 Ionization Potential,Metal_Dopant_1 Electronegativity,Metal_Dopant_1 Number of d electrons,Metal_Dopant_1 Atomic Radius,Metal_Dopant_2 Relative Atomic Mass,Metal_Dopant_2 Atomic Number,Metal_Dopant_2 Period,Metal_Dopant_2 Group,Metal_Dopant_2 Ionization Potential,Metal_Dopant_2 Electronegativity,Metal_Dopant_2 Number of d electrons,Metal_Dopant_2 Atomic Radius,Metal_Dopant_3 Relative Atomic Mass,Metal_Dopant_3 Atomic Number,Metal_Dopant_3 Period,Metal_Dopant_3 Group,Metal_Dopant_3 Ionization Potential,Metal_Dopant_3 Electronegativity,Metal_Dopant_3 Number of d electrons,Metal_Dopant_3 Atomic Radius,Metal_Dopant_4 Relative Atomic Mass,Metal_Dopant_4 Atomic Number,Metal_Dopant_4 Period,Metal_Dopant_4 Group,Metal_Dopant_4 Ionization Potential,Metal_Dopant_4 Electronegativity,Metal_Dopant_4 Number of d electrons,Metal_Dopant_4 Atomic Radius,Metal_Dopant_1 Proportion in Precursor ,Metal_Dopant_2 Proportion in Precursor ,Metal_Dopant_3 Proportion in Precursor ,Metal_Dopant_4 Proportion in Precursor ,Hydrothermal Temperature (Celcius degree),Hydrothermal Time (min),Hydrothermal Still/Strring (0/1),Hydrothermal Strong Reductant in Liquid (0/1),Hydrothermal Weak Reductant in Liquid (0/1),Mixed in Solid or Liquid (0/1),Annealing Temperature (Celcius Degree),Annealing Time (min),Annealing Still/Strring (0/1),Annealing Atomosphere Inert (0/1),Annealing Atomosphere Reductive (0/1),Post-processing Acid Wash etc. (0/1),Catalyst Loading (mg cm -2),Support Material Loading (mg cm -2),Support is not Carbon (0/1),Electrode Type_Glassy Carbon/Carbon Paper or Ti Mesh (0/1),Electrolyte Proton Concentration (M),Stability Current Density (mA cm-2),Stability Test Time (h)
Metal_Dopant_1 Relative Atomic Mass,0.0,0.10343874358327317,0.0008212573932113404,0.1530329244740617,0.03649079279031312,0.04875258304191692,0.14749861341506001,0.10981264613770922,0.08875842365858136,0.1258050180498351,0.02047100092759589,0.09500488039805666,0.039736728639814846,0.02234145927316343,0.015592241931331708,0.04506354184503861,0.03482232853373913,9.644207701476376e-05,0.00216503678968153,0.10648900257793673,0.03169668764177748,0.0074339784365523975,0.11464121944335683,0.28070263658462885,0.00042503344904355945,1.871213563332637e-05,6.771202913927763e-16,0.016339578677416776,0.04465674215529573,0.06038327898080039,5.47479467699411e-16,0.006225243317426119,0.11284501688089518,0.09967100405315693,0.07383988734282439,0.07381145901484056,0.060514734722916484,0.21158642227860752,0.03981755003503659,0.005061532879914997,0.0037776446036113863,0.02782175342447706,0.2446459283676339,0.1418415128699349,0.0012299285634615482,0.021230953891656048,0.2127447315189657,0.0613331402806241,0.04790250468142934,0.08770543906818366,0.00013483602042523463,0.13550758924735265,0.13046414935036288,0.08278993905547676,0.24160068565705692
Metal_Dopant_1 Atomic Number,0.10343874358327317,0.0,0.0021526737172852446,0.022737713448883066,0.04124345047025261,0.21742979044531405,0.0666301021719213,0.02195148461457357,0.013864418295118997,0.15105682089527284,0.033517005991517024,0.031640037666674135,0.0766135011299825,0.010409448474763881,0.10010272960617969,0.02947203848365349,0.020066945642701305,6.204261268606639e-05,9.851459373689712e-16,0.09486339294192433,0.01860631977838177,0.0443742923756627,0.050462527486663314,0.15214625373323323,8.564053514159861e-05,0.03707231034761598,1.2284224972738469e-15,5.594434883072562e-16,5.977432629034785e-16,5.349923620179026e-16,5.680084369245768e-16,6.465445983397057e-16,0.026445724465861714,0.09822729708190533,0.08209648354500697,0.010234727921136826,0.08644887365721358,0.14613150523604504,0.1472605568897757,0.014912470040066421,0.011397518668196951,0.02760531159849728,0.18933925353652006,0.11473338761393094,1.571143192742749e-05,0.03553467657301802,0.17514577765245135,0.0032872665124724235,0.040922979332315354,0.08088270506964947,4.4220364063282614e-16,0.02517288977934171,0.08764862180576001,0.094267544533779,0.1145602479277679
Metal_Dopant_1 Period,0.0008212573932113404,0.0021526737172852446,0.0,0.18532254261685666,0.012087797576234181,0.02183147324390698,0.04478038474594632,0.005272837771768959,0.014602110912923445,0.07968345920981401,5.597255797500575e-06,0.19298865982551106,0.0667095377405095,0.11673492659177122,0.013304379792002755,0.02806051455151979,0.17088547836879694,2.013412886905722e-14,0.22188542724033442,0.04748537120263408,2.438063953712372e-06,1.102868170428183e-05,0.042249018370561636,0.010293753179952434,1.1173648994326695e-05,5.5972559924795e-06,5.597256003550163e-06,5.597256005394267e-06,5.597255998399442e-06,0.0844463556598195,0.014064207654652282,0.12816499775948678,0.14454255710480537,0.22089721034350407,0.018436651797882925,5.597255998759616e-06,0.02922789039503645,0.06435270791506108,0.00028700425780022896,0.010732083411758407,0.0017287708337181515,0.036537841805841964,0.058953998212513625,0.005791962899902131,5.554838366178042e-06,0.022156622325304184,0.043231664245891505,0.001885790185490126,0.010608034750207947,0.04309846396451754,2.2751899223344517e-06,0.0013550421402482465,0.010951640927842341,0.07587061987917547,0.01910488318326355
Metal_Dopant_1 Group,0.1530329244740617,0.022737713448883066,0.18532254261685666,0.0,0.14440366811060476,0.554083463586406,0.09919342657815625,0.1363031574015447,0.1498284561057443,0.09779628553733341,0.02059201565678822,0.05457352628026742,0.04333788296327988,0.05761189066554568,0.05136352190708785,0.17786078715596976,0.019206162373364383,0.13820599589934923,0.05016338213713327,0.09295097857668831,0.12550077164831136,0.0869861154634087,0.06763943354174583,0.02190857550828626,0.12730968596457923,4.891249082592973e-06,4.89124910784475e-06,0.11272641926621689,4.891249081537031e-06,4.891249086904131e-06,4.891249090923673e-06,0.06783687343379424,0.28226771727700056,0.44930031737582543,0.22164609601600363,4.891249094257202e-06,0.6187812396289603,0.13414851909214284,0.16098208454737978,0.04550018258312352,0.02165068963098361,0.03974944831294496,0.1452045506047849,0.0693393684064977,2.1646487302799088e-06,0.015344843876393174,0.1919352762031422,0.07338385903718282,0.23922758120907717,0.0532994984170025,0.013323835125870327,0.009340440932221092,0.2008733389309846,0.2657274358823644,0.053946992343719996
Metal_Dopant_1 Ionization Potential,0.03649079279031312,0.04124345047025261,0.012087797576234181,0.14440366811060476,0.0,0.3096038994770406,0.05733629086015471,0.09912919530562403,0.11056989108237272,0.07113838074433013,0.010595082797498349,0.07370232057324581,0.09936121968775687,0.05910327964922695,0.1380792402839263,0.0841952337575663,0.06449858105851365,1.2669330555690338e-14,0.010945561424271217,0.015221763128186804,0.15983470643949663,0.0028058016044118996,0.0037443748347244766,0.007698471349619883,0.0005699576699581676,2.547076871526873e-14,3.851846306567699e-15,5.704824845927677e-15,5.00560460138881e-15,6.905484956923137e-15,2.9699338300726965e-15,0.15617257251054537,0.20704306509467021,0.1961623392732978,0.03653916702446005,5.66271829146484e-15,0.17863496475485383,0.1021493464463456,0.3318602277401938,0.1550606852878601,0.04470722928054755,0.09090050538483058,0.11686445400865751,0.1593905093761517,1.8297740419808554e-14,0.00733509010609096,0.03141208162003063,0.03466083778447581,0.1447489178277566,0.1253742255091883,0.0008379180302786512,0.07682141773555283,0.21717239675992225,0.07449378233202524,0.02725925998331968
Metal_Dopant_1 Electronegativity,0.04875258304191692,0.21742979044531405,0.02183147324390698,0.554083463586406,0.3096038994770406,0.0,0.05076344515707388,0.07426254869456048,0.22560930873158824,0.07379007388516466,0.0003867071722932279,0.0923416468033234,0.30063131609249927,0.24685418389802655,0.405708463481752,0.08605440262278492,0.06569852939088196,0.2639182416953063,0.3741644183306853,0.30305163207102226,0.03916072798343664,0.2203864246431797,0.27736494014404733,0.013546637323079732,0.01994773152106376,6.1768862647441805e-06,6.176886264678962e-06,6.176886267857575e-06,6.176886261613792e-06,6.176886262138626e-06,6.176886262363253e-06,0.07250733178625239,0.3900308708193496,0.6306653526751015,0.587493390651298,6.176886263543435e-06,0.34431620212465364,0.1391080426064822,0.05463213219199262,0.03163819204571093,0.009581474643888482,0.07542427857378875,0.025560326195753057,0.10585412111637837,2.7312463877295893e-06,0.042492862061538975,0.019871398191484157,0.4709092570351113,0.06754951872782494,0.08839081281128124,0.0005412578220605315,0.03808998615525655,0.0949548180738162,0.24836712026689908,0.029375089778111273
Metal_Dopant_1 Number of d electrons,0.14749861341506001,0.0666301021719213,0.04478038474594632,0.09919342657815625,0.05733629086015471,0.05076344515707388,0.0,0.16077232831976349,0.2575882619548783,0.21125012193816223,0.029318854777507498,0.24411813126599485,0.07649310230228708,0.014901063308933553,0.012067567983312105,0.05207197032916849,0.01294795062813552,0.013330308504792918,0.0004665606537977876,0.02518959285765054,0.02386264244377839,2.6838823052448303e-07,0.019484868700995948,0.1106058171881013,0.00046460703421337797,5.073994553304344e-15,1.2467269123682027e-15,1.704730021767667e-15,0.04797586944695495,1.0090910024479253e-15,1.0174352838560427e-15,1.0968011204784313e-15,0.28953053418457275,0.5408278398710091,0.021665080790628736,0.037782822119038495,0.2646872374048159,0.10037150576852391,0.07018713412209021,0.0172004546032458,0.0014295468793394494,0.06489502743291646,0.39562994991943706,0.3210696697010673,0.0037805060538927317,0.031963548164645396,0.18225182060725212,0.022229267158882588,0.14510079919142418,0.2997856301033448,0.0017254192396037578,0.05689955533715214,0.09888476487848834,0.0735499122322894,0.12619715132615558
Metal_Dopant_1 Atomic Radius,0.10981264613770922,0.02195148461457357,0.005272837771768959,0.1363031574015447,0.09912919530562403,0.07426254869456048,0.16077232831976349,0.0,0.09851562495554007,0.0120752530146908,0.05018853556298833,0.33803640737246793,0.11900745857182916,0.12594429338806026,0.15393965472158036,0.10892304060813761,0.20796525620535625,0.08504178011592438,1.290192871844943e-06,0.07704334312386342,0.060654284335447235,0.0607405479752994,0.03600997304919933,0.034330251624470474,0.006367165624915504,6.106654168167966e-06,6.106654155043276e-06,0.020599163995657054,0.07891346284084662,6.1066541598599576e-06,6.1066541547847335e-06,0.05266188393119411,0.46163158689038325,0.29718779692247327,0.1193870787061079,6.1066541555485675e-06,0.1929374522084776,0.20587079216790483,0.1965758564534106,0.07327266643316777,0.021453399985515268,0.03137878521629962,0.19175361353745854,0.08372905042748224,5.5817442979744304e-06,0.07034218170980636,0.0303038608699802,0.009524672291076982,0.3874538359175233,0.23787369984710735,0.0019660038244155996,0.12316030187522417,0.024587671653587,0.11510011089960553,0.027825820356751105
Metal_Dopant_2 Relative Atomic Mass,0.08875842365858136,0.013864418295118997,0.014602110912923445,0.1498284561057443,0.11056989108237272,0.22560930873158824,0.2575882619548783,0.09851562495554007,0.0,0.06910003190033741,1.2619621272972623e-14,0.07713268110329825,0.07085376626259532,0.12801612224129616,0.07242910538295538,0.182749848479219,0.3200461033515841,0.00018704850142010277,0.10448508142909188,0.1775114313583842,0.1059354839522572,0.08803498849129988,0.014021482686715504,0.060805865662659046,0.007166281392068999,2.0185651505521787e-06,0.07571916986681058,2.018565151445256e-06,2.018565151132112e-06,2.018565153515044e-06,2.0185651502086954e-06,2.018565150494403e-06,0.08673749392063167,0.18821471513932492,0.2958242979672833,2.0185651507380728e-06,0.19254669692315235,0.2899610888640199,0.1886609865914436,0.0545148870951488,0.19866563999517292,0.08913725889217396,0.1362404740752312,0.06827257417752491,0.018476973297229866,0.01389936979922083,0.038918892704835846,0.012927004359104707,0.2670229703105355,0.11394484610289767,0.0013612618348422137,0.020374157359720677,0.019969274785987166,0.25826574053997414,0.0535985935339948
Metal_Dopant_2 Atomic Number,0.1258050180498351,0.15105682089527284,0.07968345920981401,0.09779628553733341,0.07113838074433013,0.07379007388516466,0.21125012193816223,0.0120752530146908,0.06910003190033741,0.0,0.06821271097226886,0.10824212772079535,0.03226760877582703,0.021062754225604892,0.006098126489624301,0.17058466328138844,0.13773386510684338,0.02137343630317743,0.013314629313665663,0.10684376982994083,0.0874242725960062,0.16139973686731013,0.1283931600514494,0.024465031400650986,0.030607895577161367,0.08758050214816247,8.200263549413765e-05,8.200263549496815e-05,8.200263549195067e-05,0.0881015071615941,8.200263549353593e-05,8.200263549318838e-05,0.15947589258648082,0.09184567298960507,0.18650818792662555,0.029441636527564024,0.23695081389864117,0.091930449628716,0.04827741325769154,0.24696985956292783,0.126676472993885,0.10157149158329525,0.12164945252341725,0.14704084726874567,1.2101383234598242e-14,0.12758772615808558,0.018559850782207146,0.037016863421459954,0.07749780645307312,0.05329841469999624,0.018154626617886943,0.017593449929584427,0.15075354795337714,0.15901263313189856,0.021020061670798642
Metal_Dopant_2 Period,0.02047100092759589,0.033517005991517024,5.597255797500575e-06,0.02059201565678822,0.010595082797498349,0.0003867071722932279,0.029318854777507498,0.05018853556298833,1.2619621272972623e-14,0.06821271097226886,0.0,6.367777718553048e-15,0.027901977323189962,0.00805804477287418,0.0008922347619106393,0.018338503157789024,2.8915889878955264e-14,0.0,0.07804258898737158,0.026795576449082932,7.481611706087534e-14,6.972604729575726e-14,0.03666033677589709,0.022863806541589753,9.937433056621378e-14,0.0,0.0,0.0,0.0,0.0,0.0,0.0,0.006211589038385923,0.07050200331214827,1.0101392600971208e-13,0.0,0.0036868268608478017,0.03712618588192886,0.27928796512693455,0.05642770985073638,9.01481196008403e-14,3.5244598905840144e-14,0.09308747533059619,0.03241019099836974,1.481735897457936e-13,2.8801393099107444e-14,0.02137312316987909,5.878966266776467e-14,0.00020955023567558237,0.033136228256864214,5.885474330911489e-14,7.778877105371204e-14,0.0034065283642495804,0.023757654554454336,0.004922359825228978
Metal_Dopant_2 Group,0.09500488039805666,0.031640037666674135,0.19298865982551106,0.05457352628026742,0.07370232057324581,0.0923416468033234,0.24411813126599485,0.33803640737246793,0.07713268110329825,0.10824212772079535,6.367777718553048e-15,0.0,0.21585380107003205,0.35650317736656095,0.029208022898799937,0.10473364754344062,0.021921011354402137,0.04876107236203857,0.06649396969566734,0.012305184450499735,0.006309992197924314,0.0009982700788490869,0.019738990265810576,0.06444275926850339,0.0002989988509645169,1.02930395004268e-06,1.0293039478284461e-06,1.0293039484918858e-06,1.0293039478692193e-06,0.02728667741907033,1.0293039476042395e-06,1.0293039509222643e-06,0.38887562695318745,0.41042558617260394,0.07421316574943461,1.0293039490179123e-06,0.1705445257491151,0.16678887718514926,0.03853416855997585,0.038988059223662434,0.014415420433827682,0.011226589351896346,0.17641026266424065,0.059909040314526506,0.0062757900019983935,0.0861339265379784,0.04369633629449993,0.09075807002669915,0.13101964839445357,0.10157791443658219,0.0009791270687922666,0.005774026816301087,0.017054894842698454,0.12004338152299189,0.0683205547004677
Metal_Dopant_2 Ionization Potential,0.039736728639814846,0.0766135011299825,0.0667095377405095,0.04333788296327988,0.09936121968775687,0.30063131609249927,0.07649310230228708,0.11900745857182916,0.07085376626259532,0.03226760877582703,0.027901977323189962,0.21585380107003205,0.0,0.13940839401574903,0.14808531307874018,0.10267016796619624,0.01666815044620879,7.82849723086733e-15,0.4116733293889009,0.31066611293960317,0.07879124046747599,0.01706891960830184,0.46053448193687685,0.08775756729935993,0.0013245988862461578,2.5399213749950768e-06,2.5399213739291028e-06,0.07549291903236668,2.5399213779653126e-06,2.5399213791689862e-06,2.5399213764383227e-06,2.539921374323896e-06,0.06437488168694566,0.10584434717236757,0.11625192663999498,2.5399213755928317e-06,0.20507226741960288,0.06373003155296449,0.058911243232324384,0.0791350656110339,0.019923988109255063,0.06342884512058071,0.07928316102948853,0.053017579009270656,1.0178322876341227e-06,0.007857092690949719,0.03226962069531091,0.01546756340158179,0.17016415164035814,0.08662730225168132,0.00152966325536998,0.16711626294292978,0.22082103116729512,0.15215225117904638,0.025151602180357075
Metal_Dopant_2 Electronegativity,0.02234145927316343,0.010409448474763881,0.11673492659177122,0.05761189066554568,0.05910327964922695,0.24685418389802655,0.014901063308933553,0.12594429338806026,0.12801612224129616,0.021062754225604892,0.00805804477287418,0.35650317736656095,0.13940839401574903,0.0,0.2397311975387056,0.1841812799250098,0.016087114292902233,0.001027211693369965,0.03383321651926642,0.08387829927086517,0.05057016064750357,0.003429985959268004,0.014596825154296068,0.01457811290971562,0.0051180075497120345,2.3556587025839725e-06,2.3556587174912336e-06,2.3556587022884334e-06,2.3556587047851486e-06,2.355658701488645e-06,2.3556587330342026e-06,0.2679280002586602,0.17598734345741268,0.19913365333138602,0.2977914818229249,2.355658706866126e-06,0.3056747019010802,0.07147633542520275,0.20454939039791212,0.047001788120493014,0.45912720027543513,0.003983473777620229,0.10844951959293099,0.033976530778668496,1.920779477395411e-06,0.16484818871726784,0.11772724126735716,0.00936647445858899,0.1581136625308872,0.05413015286093756,2.253634503668589e-06,0.45079259492331913,0.020664988127551014,0.04365361398301748,0.031118020432615436
Metal_Dopant_2 Number of d electrons,0.015592241931331708,0.10010272960617969,0.013304379792002755,0.05136352190708785,0.1380792402839263,0.405708463481752,0.012067567983312105,0.15393965472158036,0.07242910538295538,0.006098126489624301,0.0008922347619106393,0.029208022898799937,0.14808531307874018,0.2397311975387056,0.0,0.08865871069282949,0.09390776867187937,1.5353948193384538e-14,0.3082568615238951,0.47181778955745285,8.648498059264818e-07,0.1634357839282836,0.037445176350616796,0.03408546374612492,0.033820064884899775,9.364603251095547e-14,2.0194586533577724e-14,1.2910543119477511e-14,0.13487990585271953,7.435446336562223e-15,1.9880812847325184e-14,1.7883444420171442e-14,0.20050405947701175,0.2749866335635873,0.20382158335964565,2.362298215283726e-14,0.1017916573376564,0.044890737416571055,0.026973807760335436,0.01902697360484807,0.03868403804006046,0.06237348403228066,0.12504228877051785,0.05739907876416787,7.276886387664783e-06,0.17588401803583573,0.040710901984609825,0.0475385323321618,0.14016227616580657,0.1163760753057653,0.00042414617992495257,0.05259724514304703,0.011120837381459508,0.18558910621492344,0.025716181811665805
Metal_Dopant_2 Atomic Radius,0.04506354184503861,0.02947203848365349,0.02806051455151979,0.17786078715596976,0.0841952337575663,0.08605440262278492,0.05207197032916849,0.10892304060813761,0.182749848479219,0.17058466328138844,0.018338503157789024,0.10473364754344062,0.10267016796619624,0.1841812799250098,0.08865871069282949,0.0,0.12223153397800432,0.013505975134221046,0.1776075778637198,0.09205109009870532,0.0846585134346433,0.07268372483794568,0.1842355057402048,0.06998357684309175,0.0014044076116872504,2.1663541679533424e-06,2.1663541729511925e-06,2.166354170858769e-06,0.16874313590848794,2.1663541631503958e-06,0.0823798530874698,2.1663541662045785e-06,0.14812636425797457,0.08445462076496339,0.037369475339798675,2.1663541637203668e-06,0.26573966582576514,0.08652016425758208,0.2911773607704552,0.0025519649340272873,0.015247272675031771,0.025213933061549718,0.13714423459300332,0.05312597790881793,8.185701599546206e-07,0.1971049650261316,0.08106696818373561,0.03706090598145358,0.13653888179234944,0.23360662154958284,6.909447275473694e-05,0.02438571171676272,0.22835620731516326,0.09713908209189792,0.03575919843019308
Metal_Dopant_3 Relative Atomic Mass,0.03482232853373913,0.020066945642701305,0.17088547836879694,0.019206162373364383,0.06449858105851365,0.06569852939088196,0.01294795062813552,0.20796525620535625,0.3200461033515841,0.13773386510684338,2.8915889878955264e-14,0.021921011354402137,0.01666815044620879,0.016087114292902233,0.09390776867187937,0.12223153397800432,0.0,1.1504409445917176e-14,0.0007464560204264311,0.004121498121249215,0.08960453077426524,0.0021377493039710076,0.0388359366970966,0.006105096798726499,0.0029870248965958948,1.2954410351023283e-14,4.222591072580383e-15,0.26869518445804885,4.963379294213198e-15,5.433166778154589e-15,2.7480310514465603e-15,3.1027391828645655e-15,0.08471403907049313,0.01671848219410177,0.007015908528508186,0.06332776678163132,0.23146177467614956,0.0511207155114333,0.15156618738814087,0.016239492266119326,0.004024787779218724,0.041884470705247444,0.047144333154382524,0.07577765232940875,0.006041471650006075,0.0025417922165047904,0.054750499385134765,0.005865715527084114,0.10668249147799547,0.09252489963379633,0.0007733026234407954,0.03183370615388707,0.0924170706190178,0.04644891427748594,0.03748584778532965
Metal_Dopant_3 Atomic Number,9.644207701476376e-05,6.204261268606639e-05,2.013412886905722e-14,0.13820599589934923,1.2669330555690338e-14,0.2639182416953063,0.013330308504792918,0.08504178011592438,0.00018704850142010277,0.02137343630317743,0.0,0.04876107236203857,7.82849723086733e-15,0.001027211693369965,1.5353948193384538e-14,0.013505975134221046,1.1504409445917176e-14,0.0,1.652417841828668e-14,1.0106518054238907e-14,0.04240928012282642,0.4256334667127212,1.2187190464122996e-14,0.0031154307136760876,1.3253664906603384e-14,0.0,0.0,0.0,0.0,0.0,0.0,0.0,0.04097839912201132,0.019072726231898415,1.4764835942545836e-14,0.0,0.017784752988316714,0.010855961524927597,2.2053202560512453e-14,0.04013444564558418,0.04427761140013185,6.6147899181980985e-15,0.017860411188886042,0.09331619027229332,1.1552647821149162e-14,1.558716422034652e-14,0.0033692078155590655,1.485662496278717e-14,0.13951772188906506,0.038708157783575586,1.801086864303918e-14,1.3322164671310464e-14,5.025163636136614e-06,0.018762661167071273,0.007901985386081289
Metal_Dopant_3 Period,0.00216503678968153,9.851459373689712e-16,0.22188542724033442,0.05016338213713327,0.010945561424271217,0.3741644183306853,0.0004665606537977876,1.290192871844943e-06,0.10448508142909188,0.013314629313665663,0.07804258898737158,0.06649396969566734,0.4116733293889009,0.03383321651926642,0.3082568615238951,0.1776075778637198,0.0007464560204264311,1.652417841828668e-14,0.0,3.030116811725557e-06,1.7841373455681677e-05,2.880485201003645e-05,1.8848813016225285e-06,0.024215703756301173,8.722952040841843e-05,3.65393134050099e-14,1.802678562426868e-14,1.3538108654435514e-14,8.95151215964171e-15,1.1210728893216366e-14,0.22424440142786914,6.882127601957663e-15,0.07563406231928732,0.00376569818445143,7.807631921130733e-06,1.9914809701035158e-14,0.0617027633859705,0.032920304115230885,0.0012270940767703932,0.011911346623096179,2.3980111193719438e-14,2.1386234373264083e-06,0.08468868209720497,0.06555302024972899,2.734584007393904e-05,2.64567631682291e-05,0.064591205593657,1.8142589649451336e-05,0.3325803397680002,0.06162772068880718,2.9355667459580698e-05,0.0011457648058165965,0.0015243689007980255,0.009529693028242484,0.011268998829626708
Metal_Dopant_3 Group,0.10648900257793673,0.09486339294192433,0.04748537120263408,0.09295097857668831,0.015221763128186804,0.30305163207102226,0.02518959285765054,0.07704334312386342,0.1775114313583842,0.10684376982994083,0.026795576449082932,0.012305184450499735,0.31066611293960317,0.08387829927086517,0.47181778955745285,0.09205109009870532,0.004121498121249215,1.0106518054238907e-14,3.030116811725557e-06,0.0,0.01608545379223563,0.4685886426604549,0.3201338384545707,0.030042391044740376,0.031076491308093614,1.295025407110871e-14,1.5465384530076637e-15,1.1845399464516931e-15,0.0613790845887067,1.6619921470255885e-15,9.770255967400578e-16,1.3757487906633278e-15,0.03757674541466176,0.1281684589323459,0.05058142440969487,0.03577624846543367,0.15915728073780147,0.06197753535602402,0.03854370677537306,0.004131523131557113,0.017923557245101418,0.053647397699679716,0.07266617900627413,0.05233323178838151,0.01601874590569472,0.2619638246304731,0.05232467329725615,0.012631267891886138,0.16195345032603026,0.15179015193309836,0.022869315187007504,0.010136672415307165,0.11485713408481026,0.04372262655603284,0.03584659656079374
Metal_Dopant_3 Ionization Potential,0.03169668764177748,0.01860631977838177,2.438063953712372e-06,0.12550077164831136,0.15983470643949663,0.03916072798343664,0.02386264244377839,0.060654284335447235,0.1059354839522572,0.0874242725960062,7.481611706087534e-14,0.006309992197924314,0.07879124046747599,0.05057016064750357,8.648498059264818e-07,0.0846585134346433,0.08960453077426524,0.04240928012282642,1.7841373455681677e-05,0.01608545379223563,0.0,1.408324387597885e-05,0.22918082793085012,0.022460375446125246,1.6411408852846224e-05,2.4066549374737725e-14,0.022470129380352612,0.22623654794188502,3.70032773614411e-15,2.982182041770185e-15,2.7855887571867416e-15,0.17024136123540246,0.05412233758329487,0.040381893722603875,0.014610905696368044,0.13670540300404396,0.11586134175789967,0.1233040645091848,0.24415762185873963,4.3419721261416925e-06,0.00996794285141465,1.1339407635544815e-06,0.06879468404243587,0.09503115966529369,8.311673514877745e-06,5.711635555894311e-06,0.05611459580497392,1.2745928660093971e-05,0.025477237778975634,0.020908231004955348,6.0568059181481755e-06,0.03698525035402881,0.06703964646971913,0.029202070108267288,0.030356530406131926
Metal_Dopant_3 Electronegativity,0.0074339784365523975,0.0443742923756627,1.102868170428183e-05,0.0869861154634087,0.0028058016044118996,0.2203864246431797,2.6838823052448303e-07,0.0607405479752994,0.08803498849129988,0.16139973686731013,6.972604729575726e-14,0.0009982700788490869,0.01706891960830184,0.003429985959268004,0.1634357839282836,0.07268372483794568,0.0021377493039710076,0.4256334667127212,2.880485201003645e-05,0.4685886426604549,1.408324387597885e-05,0.0,0.059945438675626246,0.030481774470475113,1.5169399445128612e-05,7.489720426854258e-14,5.143731095804745e-15,2.8947888801053907e-15,2.9481458775605525e-15,2.844437484814779e-15,4.056044171596084e-15,2.5399931282791026e-15,0.02301762678538558,0.11628060875599178,0.0486602263441585,3.1342741142029957e-15,0.008340410329386896,0.02177706366919752,0.015629207667399857,0.23756934613827488,2.629752736971001e-05,0.0,0.004801753765847606,0.03675696969098963,2.07151702927953e-05,1.7306674240586566e-05,0.04084620348246691,1.5825084597278325e-05,0.0632991402581586,0.007090901705575558,1.4169869325957705e-05,0.1939471392889517,0.012558331192605923,0.005510093483520082,0.030087962097046197
Metal_Dopant_3 Number of d electrons,0.11464121944335683,0.050462527486663314,0.042249018370561636,0.06763943354174583,0.0037443748347244766,0.27736494014404733,0.019484868700995948,0.03600997304919933,0.014021482686715504,0.1283931600514494,0.03666033677589709,0.019738990265810576,0.46053448193687685,0.014596825154296068,0.037445176350616796,0.1842355057402048,0.0388359366970966,1.2187190464122996e-14,1.8848813016225285e-06,0.3201338384545707,0.22918082793085012,0.059945438675626246,0.0,0.055349134830996106,0.006789506718514791,1.5643961337476222e-13,3.686035495284681e-15,1.4050691338171945e-15,1.160383178311773e-15,1.3895654328615338e-15,2.6022940982263413e-15,0.009068857437351948,0.014203534497127822,0.25517723709074536,0.30846280514044344,0.3800706161013319,0.12382116706950512,0.09037486735537066,0.14316060454289664,2.0562868980601256e-06,0.007384674525622412,0.05557162161546916,0.054038577092661626,0.10771044530571819,1.8816936954473143e-06,0.004188253204579544,0.10478416487136683,0.007588230916667039,0.15222736635993442,0.03608301368127821,1.8831033475742784e-06,0.0030412401321086146,0.1398598201660259,0.011306386539387403,0.03566490817538552
Metal_Dopant_3 Atomic Radius,0.28070263658462885,0.15214625373323323,0.010293753179952434,0.02190857550828626,0.007698471349619883,0.013546637323079732,0.1106058171881013,0.034330251624470474,0.060805865662659046,0.024465031400650986,0.022863806541589753,0.06444275926850339,0.08775756729935993,0.01457811290971562,0.03408546374612492,0.06998357684309175,0.006105096798726499,0.0031154307136760876,0.024215703756301173,0.030042391044740376,0.022460375446125246,0.030481774470475113,0.055349134830996106,0.0,0.0002791412168256046,0.014921378937190768,6.2397237297292135e-16,0.040619627073095306,0.061813519897877235,8.387692893750426e-16,0.03908657708363623,4.846813363833833e-16,0.03634705464468571,0.04789522677206164,0.02020756602852984,4.614967588598527e-16,0.02990292281799344,0.14031405261547578,0.008708354023581734,0.006490014613266813,0.001508974331623597,0.04945785261475551,0.10057611584521524,0.04961307469914222,0.002688184089485273,0.0015829462636778643,0.3352164530058209,0.019729608332407285,0.054549474473994074,0.061219446717871065,1.1724928067749175e-07,0.00531501869177818,0.09321934777911772,0.10965641095073586,0.20940384865632125
Metal_Dopant_4 Relative Atomic Mass,0.00042503344904355945,8.564053514159861e-05,1.1173648994326695e-05,0.12730968596457923,0.0005699576699581676,0.01994773152106376,0.00046460703421337797,0.006367165624915504,0.007166281392068999,0.030607895577161367,9.937433056621378e-14,0.0002989988509645169,0.0013245988862461578,0.0051180075497120345,0.033820064884899775,0.0014044076116872504,0.0029870248965958948,1.3253664906603384e-14,8.722952040841843e-05,0.031076491308093614,1.6411408852846224e-05,1.5169399445128612e-05,0.006789506718514791,0.0002791412168256046,0.0,6.906525451763438e-13,1.5145342246098447e-13,1.2943463370754688e-14,0.0,8.561841167614751e-15,0.0,9.308431330613606e-15,0.004408176386651687,0.02214389622323538,1.2186647004507614e-05,3.60580766918661e-14,0.00212999440661703,0.0007813794236120761,0.008229044589614251,5.214850964871848e-06,1.278213309672248e-13,0.0010183673569827097,0.0013561885256133917,0.002420696282878179,4.0533786551518964e-05,3.0214462122752773e-05,0.00029094801442986997,1.783075962361867e-05,0.02119559276003465,0.0009428427924265393,2.5438781344737875e-14,3.003453278541362e-05,5.017610933138376e-06,0.03334354097437526,0.004212376051575322
Metal_Dopant_4 Atomic Number,1.871213563332637e-05,0.03707231034761598,5.5972559924795e-06,4.891249082592973e-06,2.547076871526873e-14,6.1768862647441805e-06,5.073994553304344e-15,6.106654168167966e-06,2.0185651505521787e-06,0.08758050214816247,0.0,1.02930395004268e-06,2.5399213749950768e-06,2.3556587025839725e-06,9.364603251095547e-14,2.1663541679533424e-06,1.2954410351023283e-14,0.0,3.65393134050099e-14,1.295025407110871e-14,2.4066549374737725e-14,7.489720426854258e-14,1.5643961337476222e-13,0.014921378937190768,6.906525451763438e-13,0.0,0.0,0.0,0.0,0.0,0.0,0.0,1.3570625671762934e-14,1.5096350008746414e-14,0.12685076816174573,0.0,8.58728632079144e-15,2.247069461975619e-15,3.0994374145345656e-14,3.6646401826946414e-14,1.7709462566601232e-13,0.1833504708635647,0.0739301735291535,8.912059361274506e-07,2.0586537176691094e-12,2.49904324356424e-14,2.633434193945614e-16,3.228516411768373e-14,1.3702910154704378e-14,4.385670137433582e-15,3.13012219718005e-14,1.5161973065412735e-13,1.8805992841355764e-14,0.05368918317403762,0.008198364531280316
Metal_Dopant_4 Period,6.771202913927763e-16,1.2284224972738469e-15,5.597256003550163e-06,4.89124910784475e-06,3.851846306567699e-15,6.176886264678962e-06,1.2467269123682027e-15,6.106654155043276e-06,0.07571916986681058,8.200263549413765e-05,0.0,1.0293039478284461e-06,2.5399213739291028e-06,2.3556587174912336e-06,2.0194586533577724e-14,2.1663541729511925e-06,4.222591072580383e-15,0.0,1.802678562426868e-14,1.5465384530076637e-15,0.022470129380352612,5.143731095804745e-15,3.686035495284681e-15,6.2397237297292135e-16,1.5145342246098447e-13,0.0,0.0,0.0,0.0,0.0,0.0,0.0,2.1480410353358286e-15,4.77177894863878e-15,7.34350070117375e-15,0.0,2.5715928549527976e-15,2.525200560932706e-16,0.09256584876467004,1.0204140563905734e-15,1.0941845473588313e-14,1.9976576868126014e-15,1.289254554350163e-15,8.912059350925748e-07,0.0,3.910057302251311e-15,2.1442476893561988e-16,0.0,1.0036263060261485e-14,1.3203807355839324e-15,0.0,5.719891145321991e-14,1.6163708246933058e-14,1.4075906144622315e-15,0.007945868856123278
Metal_Dopant_4 Group,0.016339578677416776,5.594434883072562e-16,5.597256005394267e-06,0.11272641926621689,5.704824845927677e-15,6.176886267857575e-06,1.704730021767667e-15,0.020599163995657054,2.018565151445256e-06,8.200263549496815e-05,0.0,1.0293039484918858e-06,0.07549291903236668,2.3556587022884334e-06,1.2910543119477511e-14,2.166354170858769e-06,0.26869518445804885,0.0,1.3538108654435514e-14,1.1845399464516931e-15,0.22623654794188502,2.8947888801053907e-15,1.4050691338171945e-15,0.040619627073095306,1.2943463370754688e-14,0.0,0.0,0.0,0.0,0.0,0.0,0.0,2.2899143904638417e-15,4.44052361708999e-15,4.3186411406582264e-15,0.0,0.21159421267393702,5.047849377038714e-16,2.786718134512204e-15,1.4255362497662494e-15,1.2172550443518452e-14,1.4042501087133299e-15,1.1395879494782693e-15,8.912059349917073e-07,0.0,3.2219608002154697e-15,1.7936140167510278e-16,5.3068790020724884e-15,7.398613093374571e-15,7.044700790606074e-16,0.0,1.7884513998008675e-14,1.4359710753220886e-14,1.273840808081662e-15,0.029463746214515817
Metal_Dopant_4 Ionization Potential,0.04465674215529573,5.977432629034785e-16,5.597255998399442e-06,4.891249081537031e-06,5.00560460138881e-15,6.176886261613792e-06,0.04797586944695495,0.07891346284084662,2.018565151132112e-06,8.200263549195067e-05,0.0,1.0293039478692193e-06,2.5399213779653126e-06,2.3556587047851486e-06,0.13487990585271953,0.16874313590848794,4.963379294213198e-15,0.0,8.95151215964171e-15,0.0613790845887067,3.70032773614411e-15,2.9481458775605525e-15,1.160383178311773e-15,0.061813519897877235,0.0,0.0,0.0,0.0,0.0,0.0,0.0,0.0,1.7040398548972672e-15,0.06148908203675621,4.079923470064745e-15,0.0,0.093380919641372,4.723548356945002e-16,6.118402567569119e-15,0.13444830741914082,9.250557567661757e-15,0.1217535696233906,0.036606425112045676,8.912059348155919e-07,0.0,0.18510859967959475,2.1441162475604338e-16,7.374949021263209e-15,0.041145558780732276,1.9358578253577716e-15,0.0,2.7577389206038444e-14,0.21695284499581,1.4472746936395404e-15,0.022737194390952013
Metal_Dopant_4 Electronegativity,0.06038327898080039,5.349923620179026e-16,0.0844463556598195,4.891249086904131e-06,6.905484956923137e-15,6.176886262138626e-06,1.0090910024479253e-15,6.1066541598599576e-06,2.018565153515044e-06,0.0881015071615941,0.0,0.02728667741907033,2.5399213791689862e-06,2.355658701488645e-06,7.435446336562223e-15,2.1663541631503958e-06,5.433166778154589e-15,0.0,1.1210728893216366e-14,1.6619921470255885e-15,2.982182041770185e-15,2.844437484814779e-15,1.3895654328615338e-15,8.387692893750426e-16,8.561841167614751e-15,0.0,0.0,0.0,0.0,0.0,0.0,0.0,0.12542081124136684,0.028101629679856792,8.970006868349366e-15,0.0,0.07575064118895632,0.03467563935291969,0.015232395530374582,1.7309895607689377e-15,8.337478983029512e-15,0.026074303279435575,0.027261889488359982,8.912059350868178e-07,0.0,1.4160603391448544e-15,0.012979920066835684,6.168809584700002e-15,5.820683178249601e-15,8.616577255144515e-16,0.0,9.752009344278771e-15,1.317353035647812e-14,1.8610381060440297e-15,0.014172727811248427
Metal_Dopant_4 Number of d electrons,5.47479467699411e-16,5.680084369245768e-16,0.014064207654652282,4.891249090923673e-06,2.9699338300726965e-15,6.176886262363253e-06,1.0174352838560427e-15,6.1066541547847335e-06,2.0185651502086954e-06,8.200263549353593e-05,0.0,1.0293039476042395e-06,2.5399213764383227e-06,2.3556587330342026e-06,1.9880812847325184e-14,0.0823798530874698,2.7480310514465603e-15,0.0,0.22424440142786914,9.770255967400578e-16,2.7855887571867416e-15,4.056044171596084e-15,2.6022940982263413e-15,0.03908657708363623,0.0,0.0,0.0,0.0,0.0,0.0,0.0,0.0,2.0440746939747597e-15,3.580024006157119e-15,5.3984779468688585e-15,0.0,5.3582176461036694e-15,0.009145573909033443,2.910576332461169e-15,1.441331480275452e-15,1.6204587858187214e-14,1.2225983553425099e-15,1.7394995676576003e-15,8.912059367032076e-07,0.0,3.610809793064228e-15,2.1442016285405077e-16,1.1928854219931655e-14,0.04859686558662713,6.832377382951416e-16,0.0,4.106105842116087e-14,1.9473991877891718e-14,1.0792789081767112e-15,0.011001744617355895
Metal_Dopant_4 Atomic Radius,0.006225243317426119,6.465445983397057e-16,0.12816499775948678,0.06783687343379424,0.15617257251054537,0.07250733178625239,1.0968011204784313e-15,0.05266188393119411,2.018565150494403e-06,8.200263549318838e-05,0.0,1.0293039509222643e-06,2.539921374323896e-06,0.2679280002586602,1.7883444420171442e-14,2.1663541662045785e-06,3.1027391828645655e-15,0.0,6.882127601957663e-15,1.3757487906633278e-15,0.17024136123540246,2.5399931282791026e-15,0.009068857437351948,4.846813363833833e-16,9.308431330613606e-15,0.0,0.0,0.0,0.0,0.0,0.0,0.0,0.053235494537523534,3.255059970661148e-15,5.132592760717461e-15,0.0,6.3105926049112155e-15,0.03683003115328876,6.386097446559104e-15,1.4345542773531039e-15,1.1918495170202129e-14,1.2198306878342489e-15,1.3977414319932735e-15,8.912059360509659e-07,0.0,3.862048760565767e-15,0.011547807449462185,1.6091102126593862e-14,8.29844697179908e-15,1.2276914234544031e-15,0.0,1.986027495986015e-14,1.0763038498472915e-14,0.04184900472144748,0.02494209263313162
Metal_Dopant_1 Proportion in Precursor ,0.11284501688089518,0.026445724465861714,0.14454255710480537,0.28226771727700056,0.20704306509467021,0.3900308708193496,0.28953053418457275,0.46163158689038325,0.08673749392063167,0.15947589258648082,0.006211589038385923,0.38887562695318745,0.06437488168694566,0.17598734345741268,0.20050405947701175,0.14812636425797457,0.08471403907049313,0.04097839912201132,0.07563406231928732,0.03757674541466176,0.05412233758329487,0.02301762678538558,0.014203534497127822,0.03634705464468571,0.004408176386651687,1.3570625671762934e-14,2.1480410353358286e-15,2.2899143904638417e-15,1.7040398548972672e-15,0.12542081124136684,2.0440746939747597e-15,0.053235494537523534,0.0,0.2705783710274806,0.12172136115697176,3.3526234974298665e-15,0.24626145778643999,0.2638023468737087,0.3122743462041775,0.05078564142044859,0.02462156330020103,0.09951352194431795,0.11922391106365633,0.1396594931767076,2.844846889689998e-06,0.1013524260392046,0.06250682944230207,0.34303583896763223,0.24018553000471674,0.14962643275028284,0.00475456097028159,0.04501842939271089,0.04840905409989223,0.2937364829870489,0.02307613617374825
Metal_Dopant_2 Proportion in Precursor ,0.09967100405315693,0.09822729708190533,0.22089721034350407,0.44930031737582543,0.1961623392732978,0.6306653526751015,0.5408278398710091,0.29718779692247327,0.18821471513932492,0.09184567298960507,0.07050200331214827,0.41042558617260394,0.10584434717236757,0.19913365333138602,0.2749866335635873,0.08445462076496339,0.01671848219410177,0.019072726231898415,0.00376569818445143,0.1281684589323459,0.040381893722603875,0.11628060875599178,0.25517723709074536,0.04789522677206164,0.02214389622323538,1.5096350008746414e-14,4.77177894863878e-15,4.44052361708999e-15,0.06148908203675621,0.028101629679856792,3.580024006157119e-15,3.255059970661148e-15,0.2705783710274806,0.0,0.055455278574446036,4.868086740424614e-15,0.19870340785939045,0.264981940445335,0.6345912723752425,0.015178173786055061,0.02830553476600677,0.08672010448035582,0.10430165007488405,0.15895394000276483,0.004024523866900892,0.03420257628293537,0.21061457933201883,0.23105026170349477,0.4921112735882832,0.4433080033851725,0.011433174844075043,0.4957214425154755,0.12364480828362186,0.2626708670609076,0.04390054965348829
